data/raw_data/rasters/botm.txt
ncols         366
nrows         272
xllcorner     426898.75557905
yllcorner     6654736.6994117
cellsize      2
NODATA_value  -9999
[rows 56 to 83 of 272, columns 0 to 62 of 366]
121.6137 121.6291 121.6445 121.6597 121.6749 121.69 121.7049 121.7197 121.7344 121.7489 121.7632 121.7774 121.7913 121.8051 121.8187 123.9237 123.9253 123.9268 123.9282 123.9296 123.9309 123.9321 123.9333 125.712 125.7091 125.7065 125.7041 125.702 125.7001 125.6985 125.6972 125.6962 125.6954 125.695 125.6948 125.695 125.6955 125.6963 125.6974 125.6989 125.7007 125.7029 125.7054 125.7083 125.7115 125.3857 125.389 125.3926 125.3965 125.4007 125.4052 125.41 125.4151 125.4205 125.4262 125.4323 125.491 125.4978 125.5049 125.5123 125.5235 125.5315 125.5399
121.6338 121.6496 121.6653 121.6809 121.6965 121.7119 121.7272 121.7424 121.7574 121.7722 121.7869 121.8014 121.8158 121.8299 121.8438 123.9275 123.9291 123.9306 123.9321 123.9335 123.9348 123.9361 123.9373 123.9385 125.6933 125.6904 125.6878 125.6855 125.6834 125.6816 125.6801 125.6788 125.6779 125.6772 125.6769 125.6769 125.6772 125.6778 125.6787 125.68 125.6816 125.6836 125.686 125.6887 125.6917 125.6951 125.3721 125.3755 125.3792 125.3832 125.3874 125.392 125.3969 125.4021 125.4076 125.4653 125.4715 125.4781 125.485 125.4956 125.5031 125.5109 125.519
121.654 121.6702 121.6862 121.7022 121.7181 121.7339 121.7496 121.7651 121.7805 121.7957 121.8108 121.8257 121.8403 121.8548 121.869 121.883 123.933 123.9345 123.936 123.9375 123.9388 123.9401 123.9414 123.9425 123.9436 123.9359 123.9369 123.9379 123.9388 123.9396 125.6628 125.6613 125.6602 125.6593 125.6588 125.6585 125.6586 125.6591 125.6598 125.6609 125.6623 125.6641 125.6663 125.6688 125.6717 125.6749 125.6785 125.3582 125.3617 125.3654 125.3695 125.3738 125.3785 125.3834 125.4401 125.4458 125.4519 125.4582 125.4682 125.4752 125.4825 125.4901 125.498
121.6743 121.6908 121.7073 121.7236 121.7399 121.7561 121.7721 121.788 121.8037 121.8193 121.8348 121.85 121.865 121.8798 121.8944 121.9088 123.9369 123.9384 123.94 123.9414 123.9428 123.9441 123.9454 123.9466 123.9477 123.9487 123.9412 123.9421 123.9431 123.9439 123.9446 123.9453 123.9459 123.9464 123.9468 123.9472 125.6399 125.6401 125.6407 125.6416 125.6428 125.6444 125.6464 125.6487 125.6514 125.6544 125.6579 125.6617 125.3439 125.3475 125.3513 125.3555 125.3599 125.4155 125.4207 125.4262 125.432 125.4415 125.4479 125.4546 125.4617 125.469 125.4767
121.6946 121.7115 121.7283 121.7451 121.7617 121.7783 121.7947 121.811 121.8271 121.843 121.8588 121.8744 121.8898 121.905 121.9199 121.9346 123.9408 123.9424 123.9439 123.9454 123.9468 123.9482 123.9495 123.9507 123.9518 123.9529 123.9539 123.9464 123.9474 123.9482 123.949 123.9497 123.9502 123.9508 123.9512 123.9515 123.9518 123.9519 123.952 123.952 123.9519 123.9517 125.6263 125.6284 125.6309 125.6338 125.637 125.6406 125.6446 125.3294 125.333 125.3369 125.3914 125.3961 125.4011 125.4064 125.4153 125.4212 125.4274 125.4339 125.4407 125.4478 125.4511
121.7149 121.7322 121.7495 121.7666 121.7836 121.8005 121.8173 121.834 121.8505 121.8668 121.883 121.899 121.9147 121.9303 121.9456 121.9606 121.9754 123.9463 123.9479 123.9494 123.9509 123.9522 123.9536 123.9548 123.9559 123.957 123.958 123.9589 123.9517 123.9525 123.9533 123.954 123.9546 123.9551 123.9555 123.9559 123.9561 123.9563 123.9564 123.9563 123.9562 123.956 123.9557 123.9553 123.9549 123.9543 123.9537 123.953 125.6232 125.6274 125.3145 125.3679 125.3721 125.3766 125.3813 125.3897 125.3951 125.4007 125.4067 125.4129 125.4153 125.4223 125.4296
121.7353 121.753 121.7706 121.7881 121.8056 121.8229 121.84 121.8571 121.874 121.8907 121.9072 121.9236 121.9397 121.9556 121.9713 121.9867 122.0019 123.9503 123.9519 123.9534 123.9549 123.9563 123.9576 123.9589 123.9601 123.9612 123.9622 123.9631 123.964 123.9569 123.9577 123.9584 123.959 123.9595 123.9599 123.9603 123.9605 123.9606 123.9607 123.9607 123.9605 123.9603 123.96 123.9596 123.9591 123.9585 123.9579 123.9571 123.9563 123.9553 123.9543 123.8931 123.8917 125.3568 125.3647 125.3695 125.3746 125.3801 125.3858 125.3876 125.3941 125.4009 125.408
121.7557 121.7738 121.7918 121.8097 121.8275 121.8452 121.8628 121.8802 121.8975 121.9146 121.9315 121.9483 121.9648 121.9811 121.9971 122.0129 122.0284 123.9543 123.9559 123.9575 123.959 123.9604 123.9618 123.963 123.9642 123.9653 123.9664 123.9673 123.9682 123.969 123.9621 123.9628 123.9634 123.9639 123.9643 123.9646 123.9649 123.965 123.9651 123.965 123.9649 123.9646 123.9643 123.9639 123.9634 123.9628 123.9621 123.9613 123.9604 123.9594 123.9584 123.9572 123.8964 123.8948 125.3445 125.3491 125.354 125.3592 125.3605 125.3665 125.3727 125.3793 125.3861
121.7761 121.7946 121.813 121.8313 121.8495 121.8676 121.8856 121.9034 121.9211 121.9386 121.9559 121.973 121.9899 122.0065 122.023 122.0391 122.055 122.0706 123.9599 123.9615 123.963 123.9645 123.9659 123.9672 123.9684 123.9695 123.9706 123.9715 123.9724 123.9732 123.9739 123.9671 123.9678 123.9683 123.9687 123.969 123.9693 123.9694 123.9694 123.9694 123.9692 123.969 123.9686 123.9682 123.9676 123.967 123.9662 123.9654 123.9645 123.9635 123.9624 123.9612 123.9012 123.8995 123.8978 125.3286 125.3333 125.334 125.3394 125.3452 125.3512 125.3575 125.3641
121.7965 121.8154 121.8342 121.8529 121.8715 121.89 121.9083 121.9266 121.9446 121.9625 121.9802 121.9977 122.015 122.0321 122.0489 122.0654 122.0817 122.0976 123.9639 123.9656 123.9671 123.9686 123.97 123.9713 123.9726 123.9737 123.9748 123.9757 123.9766 123.9774 123.9781 123.9787 123.9721 123.9727 123.9731 123.9734 123.9736 123.9738 123.9738 123.9737 123.9735 123.9733 123.9729 123.9724 123.9718 123.9712 123.9704 123.9696 123.9686 123.9676 123.9664 123.9652 123.9059 123.9042 123.9024 125.3079 125.3081 125.313 125.3182 125.3237 125.3295 125.3356 125.342
121.8168 121.8361 121.8553 121.8744 121.8934 121.9123 121.9311 121.9497 121.9682 121.9865 122.0046 122.0225 122.0402 122.0576 122.0748 122.0917 122.1083 122.1247 123.9679 123.9696 123.9712 123.9727 123.9741 123.9755 123.9767 123.9779 123.979 123.9799 123.9808 123.9816 123.9823 123.9829 123.9835 123.9771 123.9775 123.9778 123.978 123.9781 123.9782 123.9781 123.9779 123.9776 123.9772 123.9767 123.9761 123.9754 123.9746 123.9737 123.9727 123.9716 123.9704 123.9692 123.9107 123.9089 123.9071 123.9034 125.2872 125.2919 125.2969 125.3021 125.3077 125.2933 125.2938
121.8371 121.8568 121.8764 121.8959 121.9154 121.9347 121.9538 121.9729 121.9917 122.0104 122.0289 122.0472 122.0653 122.0831 122.1007 122.118 122.135 122.1517 122.1681 123.9737 123.9753 123.9768 123.9782 123.9796 123.9809 123.9821 123.9832 123.9842 123.9851 123.9859 123.9866 123.9872 123.9877 123.9881 123.9819 123.9822 123.9824 123.9825 123.9825 123.9824 123.9822 123.9819 123.9815 123.9809 123.9803 123.9796 123.9787 123.9778 123.9768 123.9756 123.9744 123.9171 123.9154 123.9136 123.91 123.908 125.2662 125.2706 125.2754 125.2804 125.2653 125.2651 125.2671
121.8573 121.8774 121.8974 121.9174 121.9372 121.9569 121.9765 121.996 122.0152 122.0343 122.0533 122.072 122.0904 122.1087 122.1266 122.1443 122.1617 122.1788 122.1956 123.9777 123.9793 123.9809 123.9824 123.9837 123.985 123.9863 123.9874 123.9884 123.9893 123.9901 123.9908 123.9914 123.9919 123.9923 123.9926 123.9866 123.9868 123.9869 123.9869 123.9867 123.9865 123.9862 123.9857 123.9852 123.9845 123.9837 123.9829 123.9819 123.9808 123.9797 123.9784 123.9219 123.9201 123.9166 123.9146 123.9126 123.9104 125.2505 125.255 125.2379 125.237 125.2384 125.2462
121.8775 121.898 121.9184 121.9387 121.959 121.9791 121.9991 122.019 122.0387 122.0582 122.0775 122.0966 122.1155 122.1341 122.1525 122.1706 122.1884 122.2059 122.223 123.9817 123.9834 123.985 123.9865 123.9879 123.9892 123.9904 123.9915 123.9926 123.9935 123.9943 123.995 123.9957 123.9962 123.9966 123.9968 123.997 123.9911 123.9912 123.9912 123.9911 123.9908 123.9904 123.99 123.9894 123.9887 123.9879 123.987 123.986 123.9849 123.9836 123.9283 123.9266 123.9231 123.9212 123.9192 123.9171 123.9198 125.229 125.2166 125.2153 125.2274 125.2176 125.2252
121.8975 121.9184 121.9392 121.96 121.9807 122.0012 122.0216 122.0419 122.062 122.0819 122.1017 122.1212 122.1405 122.1595 122.1783 122.1968 122.215 122.2328 122.2504 122.2676 123.9875 123.9891 123.9906 123.992 123.9933 123.9946 123.9957 123.9968 123.9977 123.9985 123.9993 123.9999 124.0004 124.0008 124.0011 124.0012 124.0013 123.9955 123.9955 123.9953 123.9951 123.9947 123.9942 123.9936 123.9929 123.992 123.9911 123.99 123.9889 123.9876 123.9331 123.9297 123.9279 123.9259 123.9238 123.9266 123.9241 123.9 123.8982 125.2008 125.2004 125.2119 125.2041
121.9174 121.9387 121.9599 121.9811 122.0022 122.0232 122.044 122.0647 122.0852 122.1056 122.1257 122.1457 122.1654 122.1848 122.204 122.2229 122.2415 122.2598 122.2777 122.2953 123.9915 123.9931 123.9947 123.9961 123.9975 123.9987 123.9999 124.0009 124.0019 124.0027 124.0035 124.0041 124.0046 124.005 124.0052 124.0054 124.0055 124.0054 123.9998 123.9996 123.9993 123.9989 123.9984 123.9978 123.997 123.9961 123.9951 123.994 123.9928 123.9915 123.9362 123.9344 123.9325 123.9305 123.9333 123.9309 123.9284 123.9258 123.9032 123.9013 123.8932 123.9067 125.1961
121.9371 121.9588 121.9805 122.0021 122.0236 122.045 122.0663 122.0874 122.1083 122.1291 122.1497 122.17 122.1902 122.21 122.2296 122.2489 122.2679 122.2866 122.3049 122.3229 122.3405 123.9972 123.9987 124.0002 124.0016 124.0029 124.004 124.0051 124.0061 124.0069 124.0076 124.0083 124.0088 124.0091 124.0094 124.0096 124.0096 124.0095 124.0093 124.0039 124.0036 124.0031 124.0026 124.0019 124.0011 124.0002 123.9992 123.998 123.9968 123.9426 123.9409 123.9391 123.9372 123.94 123.9377 123.9352 123.9326 123.9299 123.9271 123.9062 123.9042 123.8967 123.9088
121.9566 121.9788 122.0009 122.0229 122.0449 122.0667 122.0884 122.1099 122.1313 122.1525 122.1735 122.1943 122.2148 122.2351 122.2551 122.2748 122.2942 122.3133 122.332 122.3504 122.3684 124.0012 124.0028 124.0043 124.0057 124.007 124.0082 124.0092 124.0102 124.0111 124.0118 124.0124 124.0129 124.0133 124.0136 124.0137 124.0137 124.0136 124.0134 124.013 124.0078 124.0073 124.0067 124.006 124.0052 124.0042 124.0032 124.002 123.9963 123.9474 123.9457 123.9438 123.9467 123.9444 123.942 123.9395 123.9368 123.9341 123.9312 123.9282 123.9089 123.9067 123.9
121.976 121.9986 122.0211 122.0436 122.0659 122.0882 122.1103 122.1323 122.1541 122.1757 122.1971 122.2183 122.2393 122.26 122.2804 122.3006 122.3204 122.3399 122.359 122.3777 122.3961 124.0052 124.0068 124.0083 124.0098 124.0111 124.0123 124.0134 124.0143 124.0152 124.0159 124.0165 124.0171 124.0174 124.0177 124.0178 124.0178 124.0177 124.0174 124.0171 124.0166 124.0114 124.0108 124.0101 124.0092 124.0082 124.0071 124.0059 124.0003 123.9522 123.9504 123.9533 123.9511 123.9488 123.9463 123.9437 123.941 123.9381 123.9352 123.9321 123.9289 123.9114 123.909
121.9951 122.0182 122.0411 122.064 122.0868 122.1094 122.132 122.1544 122.1766 122.1987 122.2205 122.2422 122.2636 122.2847 122.3056 122.3261 122.3464 122.3662 122.3858 122.4049 122.4237 122.4421 124.0108 124.0124 124.0138 124.0151 124.0163 124.0174 124.0184 124.0193 124.02 124.0207 124.0211 124.0215 124.0218 124.0219 124.0219 124.0217 124.0215 124.0211 124.0205 124.0199 124.0149 124.0141 124.0132 124.0122 124.011 124.0055 123.9586 123.9569 123.9599 123.9578 123.9555 123.9531 123.9505 123.9479 123.9451 123.9421 123.9391 123.9359 123.9327 123.9293 123.9136
121.1923 122.0375 122.0609 122.0842 122.1074 122.1305 122.1535 122.1763 122.199 122.2215 122.2438 122.2658 122.2876 122.3092 122.3305 122.3515 122.3721 122.3924 122.4124 122.432 122.4511 122.4699 124.0148 124.0164 124.0178 124.0191 124.0204 124.0215 124.0225 124.0233 124.0241 124.0247 124.0252 124.0256 124.0258 124.0259 124.0259 124.0257 124.0255 124.025 124.0245 124.0332 124.0324 124.0181 124.0172 124.0161 124.0107 124.0094 123.9633 123.9664 123.9644 123.9622 123.9598 123.9573 123.9547 123.952 123.9491 123.9461 123.9429 123.9397 123.9363 123.9329 123.9293
121.219 121.2504 122.0804 122.1041 122.1277 122.1513 122.1747 122.198 122.2211 122.244 122.2667 122.2892 122.3115 122.3335 122.3552 122.3766 122.3977 122.4184 122.4388 122.4587 122.4783 122.4975 124.0187 124.0203 124.0218 124.0231 124.0244 124.0255 124.0265 124.0274 124.0281 124.0288 124.0292 124.0296 124.0298 124.0299 124.0299 124.0297 124.0294 124.0289 124.0284 124.0369 124.036 124.035 124.021 124.0158 124.0146 124.0133 123.9679 123.9709 123.9688 123.9665 123.9641 123.9615 123.9588 123.956 123.953 123.95 123.9467 123.9434 123.94 123.9364 123.9327
121.2455 121.2774 121.3092 122.1237 122.1478 122.1718 122.1956 122.2193 122.2429 122.2662 122.2894 122.3123 122.335 122.3575 122.3796 122.4014 122.4229 122.4441 122.4649 122.4853 122.5053 122.5248 122.5439 124.0242 124.0257 124.0271 124.0283 124.0295 124.0305 124.0314 124.0321 124.0327 124.0332 124.0336 124.0338 124.0339 124.0338 124.0336 124.0333 124.0328 124.0413 124.0405 124.0396 124.0385 124.0339 124.0197 124.0184 124.0171 123.9773 123.9753 123.9731 123.9708 123.9683 123.9657 123.9629 123.96 123.9569 123.9538 123.9505 123.947 123.9435 123.9399 123.9361
121.2716 121.3041 121.3365 121.3688 122.1676 122.192 122.2163 122.2404 122.2644 122.2882 122.3118 122.3352 122.3583 122.3812 122.4037 122.426 122.4479 122.4695 122.4907 122.5116 122.5319 122.5519 122.5714 124.0281 124.0296 124.031 124.0323 124.0334 124.0344 124.0353 124.0361 124.0367 124.0372 124.0375 124.0377 124.0378 124.0377 124.0375 124.0371 124.0456 124.0449 124.0441 124.0431 124.0386 124.0374 124.0361 124.0222 123.9836 123.9817 123.9796 123.9774 123.975 123.9724 123.9697 123.9669 123.9639 123.9607 123.9575 123.9541 123.9506 123.947 123.9516 123.9477
121.2974 121.3304 121.3634 121.3963 121.4291 122.2118 122.2365 122.2611 122.2856 122.3098 122.3338 122.3577 122.3812 122.4045 122.4275 122.4502 122.4726 122.4946 122.5163 122.5375 122.5583 122.5787 122.5986 124.0319 124.0335 124.0349 124.0361 124.0373 124.0383 124.0392 124.04 124.0406 124.0411 124.0414 124.0416 124.0416 124.0415 124.0413 124.0498 124.0492 124.0485 124.0476 124.0466 124.0421 124.0408 124.0395 124.0433 123.988 123.986 123.9839 123.9816 123.9791 123.9765 123.9737 123.9708 123.9677 123.9645 123.9611 123.9577 123.9623 123.9585 123.9546 123.9506
121.3228 121.3564 121.39 121.4234 121.4567 121.4899 122.2565 122.2815 122.3064 122.331 122.3555 122.3798 122.4038 122.4275 122.451 122.4741 122.4969 122.5194 122.5415 122.5631 122.5844 122.6051 122.6255 122.6453 124.0372 124.0387 124.04 124.0411 124.0421 124.043 124.0438 124.0444 124.0449 124.0452 124.0454 124.0454 124.0453 124.0451 124.0533 124.0527 124.052 124.0511 124.0467 124.0455 124.0442 124.0481 124.0465 124.0447 123.9903 123.9881 123.9857 123.9832 123.9805 123.9776 123.9746 123.9714 123.9681 123.9647 123.9692 123.9654 123.9615 123.9575 123.9533
121.3478 121.382 121.4161 121.4501 121.484 121.5177 121.5513 122.3015 122.3268 122.3519 122.3768 122.4015 122.426 122.4502 122.4741 122.4976 122.5209 122.5438 122.5663 122.5884 122.61 122.6312 122.652 122.6722 124.041 124.0424 124.0437 124.0449 124.0459 124.0468 124.0476 124.0482 124.0487 124.049 124.0492 124.0492 124.049 124.0573 124.0568 124.0562 124.0554 124.0511 124.0501 124.0489 124.0476 124.0513 124.0496 124.0477 124.0457 123.9922 123.9897 123.9871 123.9844 123.9814 123.9783 123.9751 123.9796 123.976 123.9723 123.9684 123.9644 123.9602 123.956
121.3724 121.4071 121.4417 121.4763 121.5108 121.5451 121.5793 121.6133 122.3468 122.3723 122.3977 122.4229 122.4477 122.4724 122.4967 122.5207 122.5444 122.5677 122.5907 122.6132 122.6353 122.6569 122.6781 122.6987 122.7188 124.0461 124.0474 124.0486 124.0496 124.0505 124.0513 124.0519 124.0524 124.0527 124.0528 124.0528 124.0611 124.0607 124.0602 124.0596 124.0554 124.0545 124.0534 124.0522 124.056 124.0544 124.0526 124.0506 124.0485 124.0463 123.9937 123.991 123.9882 123.9851 123.982 123.9864 123.9828 123.9791 123.9752 123.9712 123.9671 123.9629 123.9585
