data/raw_data/rasters/botm_new.txt
ncols         366
nrows         272
xllcorner     426898.75557905
yllcorner     6654736.6994117
cellsize      2
NODATA_value  -9999
[rows 0 to 27 of 272, columns 189 to 251 of 366]
131.4012 131.4242 131.4432 131.457 131.4703 131.4832 131.4928 131.5118 131.536 131.5676 131.6068 131.6536 131.7018 131.7516 131.7972 131.8417 131.8756 131.9104 131.9458 131.982 132.019 132.0567 132.0952 132.1345 132.1745 132.2165 132.2615 132.3071 132.3547 132.402 132.4487 132.4943 132.5387 132.5818 132.6236 132.6601 132.6956 132.7712 132.9041 133.0903 133.2997 133.5021 133.691 133.802 133.8632 133.9159 133.9484 133.9927 134.0322 134.0561 134.055 134.0881 134.0926 134.0548 133.9783 133.9027 133.8283 133.7647 133.7811 133.8378 133.8951 133.9463 133.9922
131.406 131.4295 131.4497 131.4652 131.4805 131.4901 131.5015 131.5101 131.5342 131.5646 131.6014 131.645 131.69 131.7374 131.7855 131.8305 131.8738 131.9084 131.9439 131.9801 132.017 132.0547 132.0932 132.1324 132.1725 132.2142 132.2587 132.3049 132.3531 132.4008 132.4472 132.4922 132.537 132.5808 132.6236 132.6603 132.6959 132.7612 132.8781 133.0435 133.2293 133.4388 133.6249 133.7889 133.8764 133.9226 133.9703 133.9999 134.0645 134.0777 134.0824 134.0874 134.1001 134.077 134.0194 133.9627 133.8735 133.823 133.7779 133.8345 133.8918 133.9441 133.9921
131.4185 131.4435 131.4662 131.4826 131.4955 131.5081 131.5144 131.5236 131.5301 131.5548 131.5856 131.6281 131.6677 131.7132 131.7611 131.8098 131.8553 131.8991 131.9393 131.9755 132.0123 132.05 132.0884 132.1276 132.1676 132.2084 132.2531 132.3002 132.3471 132.396 132.4432 132.4882 132.5338 132.5795 132.6208 132.6594 132.6953 132.7269 132.7955 132.9434 133.124 133.3065 133.5119 133.6872 133.8479 133.9564 134.0118 134.043 134.0823 134.1344 134.1249 134.1302 134.1354 134.1501 134.095 134.0436 133.993 133.9117 133.8668 133.8266 133.8838 133.9415 133.9948
131.4322 131.4572 131.4821 131.504 131.5173 131.5272 131.5368 131.5392 131.5456 131.5494 131.5746 131.6062 131.6453 131.686 131.7329 131.7821 131.8272 131.8786 131.9234 131.9695 132.0063 132.0439 132.0823 132.1214 132.1614 132.2021 132.247 132.2925 132.3406 132.3895 132.4381 132.4827 132.5283 132.5746 132.6192 132.6557 132.6911 132.7257 132.7593 132.8342 132.9906 133.1751 133.3613 133.57 133.7469 133.9319 134.04 134.1048 134.1331 134.17 134.1857 134.174 134.1776 134.1812 134.1953 134.1398 134.0883 134.0378 133.9569 133.9127 133.8736 133.9312 133.9893
131.4458 131.4705 131.4955 131.5203 131.5413 131.5514 131.5584 131.5651 131.5635 131.5672 131.5711 131.597 131.6217 131.662 131.7038 131.7468 131.7974 131.8484 131.9012 131.9471 131.9994 132.0369 132.0752 132.1142 132.1541 132.1947 132.2385 132.2843 132.333 132.382 132.4306 132.4765 132.5216 132.5679 132.613 132.6509 132.6877 132.7217 132.7547 132.794 132.8775 133.037 133.2252 133.4148 133.6267 133.817 134.0152 134.1346 134.1851 134.2106 134.2327 134.2346 134.2208 134.2225 134.2246 134.2382 134.1824 134.1309 134.0807 134.0005 133.9572 133.9193 133.9774
131.4622 131.4836 131.5082 131.5331 131.5579 131.5781 131.5851 131.5891 131.5929 131.5902 131.594 131.5958 131.6195 131.6449 131.6813 131.7205 131.7647 131.8167 131.8691 131.9231 131.9754 132.0233 132.067 132.106 132.1457 132.1862 132.2288 132.2746 132.3237 132.3733 132.422 132.4689 132.5143 132.56 132.6068 132.6469 132.6833 132.7166 132.749 132.786 132.8352 132.9201 133.0826 133.2741 133.467 133.6817 133.8857 134.0972 134.2036 134.2515 134.2741 134.281 134.2809 134.2649 134.265 134.2654 134.2784 134.2225 134.1713 134.1216 134.0424 134.0002 133.9638
131.4788 131.5001 131.5209 131.5452 131.5702 131.595 131.6143 131.6183 131.6222 131.626 131.6199 131.6215 131.6247 131.649 131.6716 131.7001 131.7404 131.7857 131.8353 131.889 131.9441 131.9975 132.0465 132.0968 132.1364 132.1768 132.218 132.2638 132.3129 132.3617 132.4122 132.4603 132.5055 132.5514 132.5977 132.6413 132.6778 132.7087 132.7404 132.7769 132.8221 132.8757 132.9619 133.1271 133.3218 133.5177 133.7477 133.9528 134.1651 134.2706 134.3157 134.3226 134.3265 134.3245 134.3064 134.3047 134.3035 134.316 134.2601 134.2094 134.1602 134.0824 134.0415
131.4965 131.5165 131.5372 131.5574 131.5816 131.6066 131.6315 131.65 131.6538 131.6583 131.6598 131.6538 131.6567 131.6554 131.6768 131.703 131.7321 131.764 131.8122 131.8571 131.912 131.9643 132.0189 132.0689 132.12 132.1662 132.2073 132.2531 132.2997 132.3497 132.4006 132.4507 132.4957 132.5414 132.5878 132.6347 132.6707 132.6996 132.7307 132.7666 132.8075 132.8611 132.9154 133.0027 133.1705 133.3682 133.5667 133.7991 134.0181 134.2178 134.3221 134.3644 134.3682 134.3691 134.3651 134.3449 134.3414 134.3387 134.3506 134.295 134.2449 134.1966 134.1205
131.5122 131.5345 131.5536 131.5737 131.5932 131.6174 131.6424 131.6673 131.688 131.6924 131.695 131.6977 131.6925 131.6908 131.6884 131.7134 131.7361 131.7619 131.7982 131.8414 131.883 131.9349 131.9837 132.0332 132.0902 132.1423 132.1956 132.2399 132.2865 132.3365 132.3874 132.4378 132.4847 132.5302 132.5765 132.6235 132.6585 132.6908 132.7157 132.7511 132.7915 132.845 132.8993 132.9542 133.0427 133.2128 133.4131 133.6138 133.8483 134.068 134.2675 134.3705 134.41 134.4107 134.4085 134.4026 134.3802 134.375 134.3707 134.3821 134.327 134.2778 134.2306
131.5273 131.55 131.5718 131.59 131.6095 131.6284 131.6525 131.6775 131.7024 131.7228 131.7283 131.7328 131.7343 131.7268 131.7271 131.7269 131.7483 131.7714 131.8014 131.8277 131.8675 131.9093 131.9512 132.0043 132.0611 132.1192 132.1637 132.2192 132.2721 132.3221 132.373 132.4233 132.4718 132.518 132.564 132.6107 132.6456 132.6767 132.7049 132.7341 132.7741 132.8275 132.8817 132.9366 132.9921 133.0815 133.2537 133.4563 133.6591 133.8951 134.1152 134.3143 134.4157 134.4523 134.4623 134.4446 134.4368 134.4123 134.4053 134.3994 134.4104 134.3559 134.3078
131.5421 131.5649 131.5871 131.6084 131.6258 131.6446 131.6629 131.6869 131.7119 131.7368 131.7569 131.761 131.7642 131.7676 131.7623 131.7614 131.7597 131.7853 131.8126 131.8386 131.8604 131.8939 131.9399 131.9861 132.0485 132.0976 132.1414 132.1931 132.2523 132.3065 132.3559 132.4076 132.4573 132.5037 132.5503 132.5968 132.6311 132.6662 132.6931 132.7258 132.7552 132.8086 132.8627 132.9174 132.9728 133.0289 133.1192 133.2932 133.4978 133.7022 133.9395 134.1595 134.3577 134.4703 134.517 134.5109 134.4771 134.4673 134.4409 134.4322 134.4247 134.4351 134.3815
131.5531 131.5794 131.6018 131.6235 131.6443 131.6607 131.6789 131.6966 131.7205 131.7455 131.7704 131.7902 131.793 131.7949 131.7971 131.7901 131.792 131.7937 131.8196 131.8471 131.8727 131.9028 131.9339 131.9844 132.0308 132.0873 132.1372 132.1883 132.2357 132.2866 132.3415 132.3926 132.4416 132.4877 132.5346 132.5818 132.6198 132.6543 132.6852 132.7167 132.7497 132.7882 132.8422 132.8968 132.9521 133.008 133.0645 133.1556 133.3311 133.5374 133.7431 133.9811 134.2144 134.4244 134.5351 134.5788 134.5561 134.5059 134.4942 134.4657 134.4553 134.4463 134.4562
131.5634 131.5905 131.616 131.6378 131.6591 131.6793 131.6949 131.7123 131.7294 131.7532 131.7782 131.8032 131.8227 131.8241 131.8249 131.8259 131.8173 131.8183 131.8191 131.8499 131.8774 131.9072 131.9464 131.9865 132.0304 132.0864 132.1438 132.1849 132.2301 132.2802 132.334 132.3797 132.4277 132.4727 132.519 132.5645 132.6076 132.6459 132.6761 132.7118 132.7435 132.794 132.8202 132.8746 132.9298 132.9855 133.0419 133.0989 133.1906 133.3674 133.5749 133.7821 134.0484 134.2803 134.4882 134.6105 134.6374 134.584 134.5307 134.5171 134.4866 134.4746 134.464
131.5736 131.6001 131.6272 131.6525 131.6729 131.6938 131.7135 131.7281 131.7449 131.7614 131.785 131.81 131.835 131.8542 131.8544 131.854 131.8539 131.8439 131.8439 131.8439 131.8752 131.9123 131.9514 132.0004 132.0409 132.0875 132.1444 132.1929 132.2285 132.2773 132.3279 132.3722 132.4188 132.4636 132.5051 132.5497 132.5953 132.6384 132.6708 132.7058 132.7549 132.7868 132.8378 132.851 132.906 132.9616 133.0178 133.0746 133.1319 133.2241 133.4024 133.6113 133.8478 134.1136 134.3695 134.563 134.6829 134.6644 134.6076 134.5514 134.5358 134.5035 134.4898
131.5828 131.6095 131.6368 131.6639 131.6883 131.7082 131.7275 131.7467 131.7604 131.7765 131.7923 131.8159 131.8409 131.8658 131.8849 131.8837 131.8823 131.8811 131.8696 131.8688 131.8681 131.8999 131.9377 131.9868 132.0368 132.0876 132.1349 132.1851 132.2436 132.284 132.3258 132.3672 132.4133 132.4561 132.4961 132.5392 132.5833 132.627 132.6685 132.7141 132.7491 132.7973 132.8426 132.881 132.8807 132.9361 132.9921 133.0487 133.1058 133.1635 133.2571 133.4366 133.6606 133.9238 134.2149 134.4417 134.6205 134.7231 134.6867 134.6267 134.5677 134.5502 134.52
131.5912 131.6188 131.6454 131.6727 131.6999 131.7241 131.7425 131.7613 131.7788 131.7917 131.8071 131.8223 131.8458 131.8707 131.8956 131.9144 131.9121 131.9096 131.9074 131.8946 131.893 131.8916 131.924 131.9624 132.0124 132.0633 132.115 132.1729 132.2263 132.2815 132.3219 132.3659 132.4103 132.4525 132.4907 132.5321 132.5729 132.615 132.66 132.7145 132.7585 132.8054 132.864 132.8961 132.9096 132.9091 132.9649 133.0212 133.0781 133.1355 133.195 133.2889 133.4812 133.7329 134.0105 134.2839 134.4959 134.6593 134.7442 134.7043 134.6412 134.5804 134.5657
131.5978 131.6264 131.654 131.6815 131.7079 131.735 131.7591 131.7768 131.7941 131.8099 131.8218 131.8366 131.8512 131.8745 131.8994 131.9243 131.9428 131.9394 131.9359 131.9328 131.9188 131.9164 131.9144 131.9473 131.9863 132.0372 132.089 132.1415 132.2004 132.2571 132.3156 132.3608 132.4043 132.4475 132.4877 132.5272 132.5662 132.6062 132.6492 132.7063 132.7731 132.8285 132.8716 132.9291 132.9354 132.9347 132.9362 132.9923 133.0489 133.1061 133.1647 133.2244 133.3449 133.5523 133.8033 134.0907 134.3502 134.5338 134.6785 134.7601 134.7138 134.6495 134.5912
131.6025 131.6322 131.6599 131.6884 131.7158 131.7432 131.7693 131.7931 131.8092 131.8259 131.841 131.8509 131.865 131.8789 131.9021 131.9269 131.9518 131.9701 131.9656 131.9612 131.9573 131.942 131.939 131.9365 131.9698 132.0094 132.0613 132.1138 132.1672 132.2283 132.287 132.3489 132.3944 132.4392 132.4817 132.5201 132.5597 132.5999 132.6408 132.6815 132.763 132.842 132.8812 132.9387 132.9782 132.9577 132.9586 132.9618 133.0182 133.075 133.1329 133.1922 133.2791 133.399 133.6184 133.8833 134.1531 134.3717 134.5519 134.6894 134.7615 134.7159 134.6516
131.6043 131.634 131.6637 131.6933 131.7208 131.7492 131.7765 131.8025 131.8249 131.8415 131.8564 131.871 131.8799 131.8921 131.9053 131.9284 131.9531 131.978 131.9961 131.9906 131.9854 131.9806 131.9643 131.9531 131.9577 131.9915 132.0317 132.0844 132.1377 132.1918 132.2564 132.3185 132.3797 132.4257 132.4696 132.5098 132.5504 132.5912 132.6308 132.6716 132.7389 132.8181 132.9119 132.9628 133.0044 133.0006 132.9812 132.9812 132.9859 133.0424 133.0995 133.1584 133.2317 133.3308 133.4644 133.6689 133.9435 134.1859 134.3844 134.5539 134.6875 134.7553 134.7079
131.6051 131.6347 131.6643 131.6939 131.7235 131.7531 131.7803 131.8075 131.8346 131.8567 131.8714 131.887 131.9009 131.9076 131.9191 131.9305 131.9533 131.978 132.0029 132.0208 132.0144 132.0084 131.9951 131.9778 131.966 131.9781 132.0123 132.0531 132.1066 132.1606 132.2195 132.2849 132.3477 132.4108 132.4559 132.4961 132.5366 132.5774 132.6185 132.6598 132.7128 132.7931 132.9038 132.9805 133.0311 133.0433 133.024 133.0032 133.0046 133.0084 133.0651 133.1231 133.1821 133.2688 133.3818 133.5132 133.715 133.984 134.1902 134.3824 134.5476 134.6767 134.7398
131.6047 131.6343 131.6638 131.6933 131.7228 131.7523 131.7818 131.8101 131.8372 131.8642 131.8873 131.9013 131.9163 131.9295 131.9353 131.9448 131.9542 131.9769 132.0015 132.0264 132.0441 132.0288 132.0221 132.008 131.9821 131.9775 131.9975 132.0322 132.0735 132.1277 132.1852 132.2448 132.3136 132.3756 132.4393 132.4807 132.5211 132.5619 132.6029 132.6442 132.6857 132.7728 132.8666 132.9601 133.0515 133.0896 133.0668 133.0459 133.0261 133.0264 133.0292 133.0864 133.1449 133.2181 133.3168 133.4294 133.5529 133.7607 133.9959 134.1843 134.373 134.5333 134.6582
131.6033 131.6327 131.6621 131.6915 131.7209 131.7503 131.7796 131.8091 131.8385 131.8654 131.8936 131.9164 131.9311 131.9442 131.9568 131.9602 131.969 131.9765 131.999 132.0235 132.0483 132.0577 132.0415 132.0261 132.0114 131.9846 131.996 132.0159 132.051 132.0929 132.1492 132.2087 132.2703 132.3384 132.401 132.4637 132.504 132.5447 132.5856 132.6268 132.6683 132.7446 132.8325 132.9397 133.046 133.1227 133.1154 133.0909 133.0684 133.047 133.0462 133.0481 133.1061 133.165 133.2506 133.3558 133.4595 133.5807 133.7832 133.9906 134.1734 134.3606 134.5194
131.6007 131.63 131.6593 131.6885 131.7178 131.747 131.7762 131.8055 131.8348 131.8641 131.8935 131.9202 131.9441 131.9581 131.9705 131.9811 131.9836 131.9904 131.9972 132.0195 132.044 132.0603 132.0611 132.0441 132.0281 132.0048 131.9939 132.0134 132.0333 132.0688 132.1112 132.1695 132.231 132.2918 132.3605 132.4236 132.4853 132.5258 132.5667 132.6078 132.6491 132.7083 132.7981 132.9172 133.0195 133.1143 133.1607 133.1388 133.1128 133.0888 133.0659 133.0641 133.066 133.1239 133.1876 133.2787 133.3804 133.4814 133.6138 133.7894 133.9802 134.1659 134.35
131.5943 131.6261 131.6553 131.6844 131.7134 131.7425 131.7715 131.8006 131.8297 131.8588 131.888 131.9173 131.9466 131.9688 131.9821 131.9939 132.0038 132.004 132.01 132.0162 132.0384 132.0628 132.0704 132.0623 132.045 132.0285 132.0048 132.0102 132.0297 132.0496 132.0855 132.1297 132.1886 132.2507 132.312 132.3812 132.4433 132.5053 132.546 132.5869 132.6282 132.6696 132.7553 132.8766 132.9908 133.0815 133.1639 133.1835 133.1597 133.1322 133.1069 133.0827 133.0803 133.0714 133.1212 133.1956 133.2989 133.3985 133.4975 133.6318 133.7845 133.9738 134.1556
131.5885 131.6211 131.6501 131.679 131.7079 131.7367 131.7655 131.7944 131.8232 131.8521 131.8811 131.9101 131.9392 131.9684 131.9916 132.0028 132.014 132.0232 132.0225 132.0279 132.0336 132.0555 132.0711 132.07 132.0616 132.0439 132.0188 132.0117 132.0254 132.0448 132.0647 132.101 132.1457 132.2065 132.2676 132.3294 132.399 132.4614 132.5236 132.5644 132.6054 132.6467 132.7281 132.8271 132.9617 133.0644 133.1425 133.1851 133.2036 133.178 133.1491 133.1225 133.0859 133.0731 133.0614 133.1238 133.2122 133.3135 133.4158 133.5315 133.6409 133.7781 133.981
131.5796 131.6145 131.6437 131.6724 131.701 131.7297 131.7583 131.7868 131.8155 131.8441 131.8728 131.9015 131.9303 131.9592 131.9882 132.0111 132.0216 132.0321 132.0408 132.0392 132.044 132.0491 132.0709 132.0775 132.0673 132.0593 132.033 132.0159 132.0258 132.0393 132.0587 132.0785 132.1152 132.1603 132.2216 132.2832 132.3453 132.4152 132.4778 132.5401 132.581 132.6221 132.7034 132.7981 132.924 133.0333 133.1237 133.1617 133.2034 133.2208 133.1934 133.1521 133.1126 133.0727 133.0583 133.0789 133.1526 133.2299 133.3342 133.4378 133.5518 133.6343 133.7862
131.5694 131.6057 131.6361 131.6646 131.693 131.7213 131.7497 131.778 131.8063 131.8347 131.8631 131.8915 131.92 131.9485 131.9772 132.006 132.0285 132.0383 132.0483 132.0563 132.0539 132.0581 132.0627 132.0753 132.0732 132.0543 132.0463 132.0199 132.0202 132.0386 132.0519 132.0712 132.0911 132.1281 132.1735 132.2353 132.2971 132.3595 132.4297 132.4924 132.5547 132.5956 132.6768 132.7714 132.893 132.9936 133.0905 133.1407 133.1779 133.2187 133.225 133.1828 133.1348 133.0947 133.0882 133.1038 133.1429 133.2059 133.2809 133.3554 133.4687 133.5562 133.6428
131.5548 131.5926 131.6263 131.6555 131.6837 131.7118 131.7398 131.7678 131.7959 131.8239 131.8519 131.88 131.9082 131.9364 131.9647 131.9931 132.0216 132.0438 132.0529 132.0623 132.0697 132.0666 132.0702 132.0743 132.0692 132.0577 132.0481 132.032 132.0138 132.0317 132.05 132.0631 132.0824 132.1023 132.1396 132.1853 132.2475 132.3096 132.3721 132.4424 132.5051 132.5674 132.6484 132.7427 132.8641 132.9602 133.0485 133.1054 133.1548 133.1818 133.2096 133.2083 133.1617 133.1493 133.1387 133.1385 133.1632 133.2476 133.289 133.3287 133.4035 133.507 133.5451
