data/raw_data/rasters/botm.txt
ncols         366
nrows         272
xllcorner     426898.75557905
yllcorner     6654736.6994117
cellsize      2
NODATA_value  -9999
[rows 168 to 195 of 272, columns 0 to 62 of 366]
119.0528 119.2104 119.2357 119.2612 119.2869 119.3129 119.339 119.3653 119.3918 119.4185 120.2003 120.2204 120.2269 120.2337 120.2416 120.2488 120.2563 120.264 120.272 120.6019 120.5994 120.5971 120.5953 120.5938 120.5926 120.5919 120.5914 120.5913 120.5915 120.5921 120.5929 120.5941 120.5957 120.5975 120.5997 120.6022 120.6049 120.6081 120.6115 120.6088 120.6125 120.6166 120.6209 120.6256 120.6306 120.636 120.6417 120.6478 120.6542 120.661 120.6681 120.6757 120.6836 120.6919 120.7007 120.7098 120.7194 120.7294 120.7399 120.7509 120.7623 120.7742 120.7866
118.9867 119.1426 119.167 119.1916 119.2164 119.2414 119.2667 119.2921 119.3177 120.114 120.1207 120.14 120.1458 120.1519 120.159 120.1656 120.1725 120.1797 120.1871 120.1948 120.5104 120.5077 120.5054 120.5034 120.5019 120.5007 120.4998 120.4994 120.4992 120.4995 120.5 120.5009 120.5022 120.5038 120.5058 120.508 120.5107 120.5136 120.5169 120.5205 120.5175 120.5215 120.5258 120.5305 120.5355 120.5409 120.5466 120.5528 120.5593 120.5662 120.5734 120.5811 120.5892 120.5978 120.6067 120.6161 120.626 120.6363 120.6471 120.6584 120.6702 120.6825 120.6954
118.9201 119.0744 119.0978 119.1215 119.1454 119.1695 119.1939 119.2184 120.0288 120.0345 120.0405 120.0588 120.0639 120.0694 120.0759 120.0818 120.0881 120.0947 120.1015 120.1087 120.1161 120.4175 120.4147 120.4123 120.4103 120.4087 120.4074 120.4066 120.4061 120.406 120.4063 120.4069 120.4079 120.4093 120.411 120.4131 120.4155 120.4183 120.4215 120.425 120.4289 120.4256 120.4298 120.4345 120.4395 120.4449 120.4507 120.4569 120.4635 120.4705 120.4779 120.4858 120.494 120.5028 120.512 120.5216 120.5318 120.5424 120.5535 120.5651 120.5773 120.59 120.6032
118.8532 119.0057 119.0282 119.0509 119.0739 119.0972 119.1206 119.9448 119.9494 119.9543 119.9596 119.977 119.9815 119.9862 119.9921 119.9974 120.003 120.009 120.0153 120.0219 120.0287 120.0359 120.3232 120.3203 120.3179 120.3159 120.3143 120.3131 120.3122 120.3118 120.3118 120.3121 120.3129 120.314 120.3155 120.3174 120.3196 120.3223 120.3253 120.3287 120.3325 120.3366 120.3331 120.3377 120.3427 120.3481 120.354 120.3602 120.3669 120.374 120.3815 120.3895 120.398 120.4069 120.4163 120.4262 120.4366 120.4476 120.459 120.471 120.4835 120.4966 120.5102
118.9154 118.9367 118.9582 118.98 119.0021 119.0245 119.8621 119.8655 119.8694 119.8736 119.8782 119.8946 119.8984 119.9025 119.9076 119.9123 119.9174 119.9227 119.9284 119.9345 119.9408 119.9474 119.9544 120.2277 120.2248 120.2224 120.2204 120.2188 120.2176 120.2169 120.2165 120.2166 120.2171 120.2179 120.2192 120.2209 120.223 120.2254 120.2283 120.2316 120.2353 120.2394 120.2439 120.2401 120.2451 120.2506 120.2564 120.2627 120.2695 120.2767 120.2844 120.2925 120.3012 120.3103 120.3199 120.3301 120.3407 120.3519 120.3637 120.376 120.3888 120.4023 120.4163
118.8469 118.8673 118.8879 118.9088 118.93 119.7808 119.783 119.7857 119.7888 119.7922 119.7961 119.8117 119.8147 119.8182 119.8226 119.8267 119.8311 119.8359 119.841 119.8465 119.8523 119.8584 119.8648 119.8716 120.131 120.1281 120.1257 120.1238 120.1223 120.1212 120.1206 120.1203 120.1205 120.1212 120.1222 120.1237 120.1256 120.1279 120.1307 120.1338 120.1374 120.1414 120.1459 120.1508 120.1468 120.1523 120.1582 120.1646 120.1714 120.1787 120.1865 120.1948 120.2036 120.2129 120.2227 120.2331 120.244 120.2555 120.2675 120.2801 120.2934 120.3072 120.3216
119.2245 118.7976 118.8173 118.8372 119.7009 119.702 119.7034 119.7053 119.7076 119.7104 119.7135 119.7282 119.7305 119.7333 119.7371 119.7405 119.7443 119.7485 119.7531 119.758 119.7632 119.7688 119.7748 119.781 119.7876 120.0332 120.0304 120.0281 120.0263 120.0248 120.0239 120.0234 120.0233 120.0237 120.0246 120.0258 120.0275 120.0297 120.0323 120.0354 120.0388 120.0428 120.0472 120.052 120.0574 120.0533 120.0592 120.0657 120.0726 120.08 120.0879 120.0963 120.1053 120.1148 120.1248 120.1354 120.1465 120.1583 120.1706 120.1836 120.1971 120.2113 120.2261
119.1519 119.1597 118.7464 119.6226 119.6224 119.6226 119.6233 119.6244 119.626 119.628 119.6304 119.6333 119.6458 119.6479 119.6511 119.6539 119.657 119.6606 119.6646 119.6689 119.6736 119.6787 119.6842 119.69 119.6961 119.7026 119.9345 119.9318 119.9296 119.9279 119.9266 119.9258 119.9255 119.9256 119.9262 119.9273 119.9288 119.9308 119.9333 119.9362 119.9396 119.9435 119.9478 119.9526 119.9579 119.9637 119.9596 119.9661 119.9731 119.9806 119.9886 119.9971 120.0062 120.0159 120.0261 120.037 120.0484 120.0604 120.073 120.0863 120.1001 120.1147 120.1299
119.079 119.0858 120.0469 119.5444 119.5434 119.5428 119.5427 119.5431 119.5439 119.5451 119.5468 119.549 119.5607 119.5621 119.564 119.5667 119.5693 119.5723 119.5756 119.5794 119.5836 119.5882 119.5931 119.5984 119.6041 119.6101 119.6165 119.8349 119.8323 119.8303 119.8287 119.8276 119.827 119.8269 119.8273 119.8282 119.8295 119.8314 119.8337 119.8365 119.8398 119.8436 119.8479 119.8526 119.8579 119.8637 119.87 119.8659 119.8729 119.8805 119.8886 119.8973 119.9066 119.9164 119.9268 119.9379 119.9495 119.9618 119.9747 119.9882 120.0024 120.0173 120.0329
119.0058 119.9803 119.9645 119.9491 119.464 119.4626 119.4617 119.4613 119.4613 119.4618 119.4628 119.4642 119.4751 119.4758 119.477 119.4791 119.4811 119.4834 119.4863 119.4895 119.4931 119.4972 119.5016 119.5064 119.5117 119.5173 119.5233 119.5296 119.7345 119.7321 119.7302 119.7289 119.728 119.7277 119.7278 119.7285 119.7297 119.7313 119.7335 119.7362 119.7394 119.7431 119.7473 119.7521 119.7573 119.7631 119.7694 119.7763 119.7722 119.7798 119.7881 119.7969 119.8063 119.8163 119.8269 119.8381 119.85 119.8625 119.8757 119.8895 119.9041 119.9193 119.9352
119.9155 119.8983 119.8816 119.8654 119.8498 119.382 119.3803 119.3791 119.3784 119.3781 119.3784 119.3791 119.389 119.3891 119.3897 119.3911 119.3924 119.3942 119.3965 119.3991 119.4022 119.4058 119.4097 119.4141 119.4188 119.424 119.4296 119.4355 119.4419 119.6334 119.6312 119.6296 119.6285 119.6279 119.6278 119.6283 119.6293 119.6308 119.6328 119.6354 119.6385 119.6421 119.6462 119.6509 119.6562 119.6619 119.6683 119.6752 119.6826 119.6786 119.687 119.6959 119.7054 119.7156 119.7264 119.7378 119.7499 119.7627 119.7761 119.7902 119.8051 119.8206 119.8369
119.8338 119.8157 119.7982 119.7812 119.7648 119.749 119.2985 119.2965 119.295 119.294 119.2936 119.2936 119.3027 119.3021 119.302 119.3027 119.3035 119.3047 119.3063 119.3084 119.311 119.314 119.3174 119.3213 119.3256 119.3304 119.3355 119.3411 119.3471 119.3535 119.5318 119.5298 119.5285 119.5276 119.5273 119.5276 119.5284 119.5297 119.5316 119.5341 119.537 119.5406 119.5447 119.5493 119.5545 119.5603 119.5666 119.5736 119.5811 119.5892 119.5853 119.5944 119.604 119.6143 119.6253 119.6369 119.6492 119.6622 119.6759 119.6903 119.7055 119.7214 119.738
119.7517 119.7328 119.7144 119.6966 119.6794 119.6627 119.6467 119.2136 119.2114 119.2096 119.2084 119.2077 119.2159 119.2147 119.2139 119.2141 119.2142 119.2148 119.2158 119.2174 119.2194 119.2219 119.2249 119.2283 119.2321 119.2364 119.2412 119.2464 119.252 119.258 119.2645 119.4296 119.428 119.4269 119.4264 119.4265 119.4271 119.4283 119.43 119.4323 119.4352 119.4386 119.4426 119.4472 119.4524 119.4582 119.4645 119.4715 119.479 119.4872 119.496 119.4924 119.5021 119.5126 119.5237 119.5355 119.548 119.5613 119.5752 119.5899 119.6053 119.6215 119.6385
119.6692 119.6494 119.6302 119.6116 119.5935 119.5761 119.5593 119.5431 119.1274 119.1249 119.123 119.1215 119.1289 119.127 119.1256 119.1251 119.1246 119.1246 119.1251 119.1261 119.1276 119.1296 119.132 119.1349 119.1384 119.1422 119.1466 119.1513 119.1566 119.1623 119.1684 119.175 119.3271 119.3258 119.3251 119.3249 119.3254 119.3264 119.328 119.3302 119.3329 119.3363 119.3402 119.3448 119.3499 119.3557 119.362 119.369 119.3766 119.3848 119.3937 119.4032 119.3998 119.4104 119.4217 119.4337 119.4464 119.4598 119.474 119.4889 119.5047 119.5211 119.5384
119.5863 119.5657 119.5456 119.5262 119.5073 119.4891 119.4715 119.4545 119.4382 119.0399 119.0373 119.0351 119.0335 119.0391 119.037 119.0358 119.0347 119.0341 119.0341 119.0345 119.0355 119.0369 119.0389 119.0414 119.0443 119.0478 119.0517 119.0561 119.061 119.0663 119.0721 119.0783 119.0851 119.2244 119.2234 119.2231 119.2233 119.2242 119.2256 119.2277 119.2303 119.2336 119.2375 119.242 119.2471 119.2528 119.2591 119.2661 119.2738 119.282 119.291 119.3006 119.3109 119.3078 119.3192 119.3314 119.3443 119.3579 119.3723 119.3875 119.4035 119.4203 119.4379
119.5032 119.4816 119.4607 119.4405 119.4208 119.4018 119.3834 119.3656 119.3485 119.3321 118.9513 118.9485 118.9462 118.9509 118.9482 118.9461 118.9447 118.9435 118.9429 118.9428 118.9432 118.9441 118.9456 118.9476 118.9501 118.9531 118.9566 118.9606 118.9651 118.9701 118.9756 118.9816 118.988 118.9949 119.1215 119.1209 119.121 119.1217 119.123 119.1249 119.1274 119.1306 119.1344 119.1388 119.1439 119.1496 119.1559 119.1629 119.1706 119.1789 119.188 119.1976 119.208 119.2192 119.2164 119.2287 119.2418 119.2557 119.2703 119.2857 119.3019 119.319 119.3369
119.4197 119.3973 119.3756 119.3544 119.334 119.3141 119.295 119.2765 119.2586 119.2414 119.225 118.8616 118.8587 118.8626 118.8592 118.8565 118.8544 118.8527 118.8515 118.8508 118.8507 118.8512 118.8522 118.8537 118.8558 118.8583 118.8614 118.8651 118.8692 118.8738 118.879 118.8846 118.8907 118.8974 118.9078 119.0185 119.0184 119.0189 119.0201 119.0219 119.0243 119.0274 119.0311 119.0354 119.0405 119.0461 119.0525 119.0595 119.0672 119.0756 119.0846 119.0944 119.1049 119.1161 119.1281 119.1258 119.139 119.153 119.1679 119.1835 119.2 119.2173 119.2355
119.336 119.3128 119.2902 119.2682 119.2469 119.2263 119.2063 119.187 119.1684 119.1506 119.1334 119.1169 118.771 118.7741 118.7701 118.7667 118.7641 118.7617 118.76 118.7588 118.7582 118.7581 118.7586 118.7597 118.7613 118.7634 118.7661 118.7694 118.7731 118.7796 118.7847 118.7902 118.7963 118.8028 118.8099 118.8175 118.9156 118.916 118.917 118.9186 118.921 118.9239 118.9276 118.9319 118.9368 118.9425 118.9488 118.9558 118.9635 118.9719 118.9811 118.9909 119.0015 119.0128 119.0249 119.0377 119.0359 119.0501 119.0652 119.081 119.0977 119.1153 119.1338
119.2521 119.228 119.2045 119.1817 119.1596 119.1382 119.1174 119.0974 119.0781 119.0594 119.0415 119.0244 119.0079 118.6855 118.6809 118.6769 118.6736 118.6707 118.6684 118.6666 118.6655 118.6649 118.665 118.6656 118.668 118.6699 118.6724 118.6754 118.679 118.6832 118.6879 118.6931 118.6989 118.7052 118.712 118.7194 118.7272 118.8129 118.8138 118.8153 118.8175 118.8204 118.8239 118.8281 118.8331 118.8387 118.845 118.852 118.8597 118.8681 118.8773 118.8872 118.8979 118.9093 118.9215 118.9345 118.9482 118.947 118.9622 118.9783 118.9952 119.013 119.0318
119.1681 119.1431 119.1188 119.0951 119.0722 119.0499 119.0284 119.0076 118.9875 118.9682 118.9496 118.9317 118.9146 118.8983 118.5917 118.587 118.5832 118.5796 118.5768 118.5748 118.5733 118.5724 118.5722 118.5725 118.5734 118.5749 118.577 118.5797 118.5829 118.5867 118.5911 118.596 118.6015 118.6075 118.6141 118.6212 118.6289 118.6371 118.7104 118.7118 118.7139 118.7167 118.7202 118.7243 118.7292 118.7348 118.741 118.748 118.7558 118.7642 118.7734 118.7834 118.7941 118.8056 118.8179 118.831 118.8449 118.8597 118.859 118.8753 118.8924 118.9105 118.9295
119.084 119.0581 119.0329 119.0084 118.9846 118.9616 118.9393 118.9177 118.8969 118.8768 118.8575 118.839 118.8212 118.8042 118.7952 118.4971 118.4925 118.4886 118.4853 118.4827 118.4807 118.4793 118.4785 118.4784 118.4789 118.48 118.4816 118.4839 118.4868 118.4903 118.4943 118.4989 118.5041 118.5099 118.5162 118.5231 118.5305 118.5385 118.5471 118.6084 118.6103 118.613 118.6164 118.6205 118.6253 118.6308 118.6371 118.644 118.6518 118.6603 118.6695 118.6795 118.6903 118.7019 118.7143 118.7275 118.7415 118.7564 118.7721 118.7722 118.7895 118.8078 118.827
118.9998 118.973 118.947 118.9216 118.897 118.8732 118.8501 118.8277 118.8062 118.7854 118.7654 118.7462 118.7277 118.7101 118.7004 118.6831 118.4021 118.3976 118.3937 118.3906 118.388 118.3862 118.3849 118.3844 118.3844 118.3851 118.3864 118.3883 118.3908 118.3939 118.3976 118.4019 118.4068 118.4123 118.4184 118.4251 118.4323 118.4401 118.4485 118.4574 118.5068 118.5093 118.5126 118.5166 118.5214 118.5269 118.5331 118.5401 118.5478 118.5563 118.5655 118.5756 118.5864 118.5981 118.6105 118.6239 118.638 118.653 118.6689 118.7603 118.6865 118.705 118.7244
118.9155 118.8879 118.861 118.8348 118.8094 118.7847 118.7609 118.7378 118.7155 118.6939 118.6732 118.6533 118.6343 118.616 118.6055 118.5877 118.5694 118.2308 118.2205 118.2108 118.2019 118.1935 118.2915 118.2905 118.2901 118.2903 118.2912 118.2928 118.2949 118.2977 118.3011 118.3051 118.3097 118.3149 118.3208 118.3272 118.3342 118.3418 118.35 118.3587 118.3681 118.4058 118.409 118.4129 118.4176 118.423 118.4292 118.4361 118.4439 118.4524 118.4616 118.4717 118.4826 118.4943 118.5069 118.5202 118.5345 118.5496 118.6395 118.6613 118.6838 118.6021 118.6217
118.8313 118.8028 118.7751 118.748 118.7218 118.6963 118.6717 118.6478 118.6248 118.6025 118.5811 118.5606 118.5408 118.5219 118.5038 118.4923 118.4734 118.4562 118.1276 118.1174 118.1079 118.099 118.0908 118.0833 118.0765 118.0703 118.0648 118.1974 118.1992 118.2017 118.2047 118.2085 118.2128 118.2177 118.2233 118.2295 118.2363 118.2437 118.2517 118.2603 118.2695 118.2793 118.3055 118.3093 118.3139 118.3193 118.3255 118.3324 118.3401 118.3486 118.3578 118.3679 118.3789 118.3906 118.4032 118.4167 118.431 118.5193 118.5404 118.5622 118.5849 118.6083 118.519
118.7472 118.7178 118.6892 118.6613 118.6343 118.608 118.5826 118.5579 118.5341 118.5112 118.4891 118.4679 118.4475 118.4279 118.4093 118.396 118.3774 118.3597 118.3428 118.0242 118.0142 118.0048 117.9961 117.9881 117.9808 117.9742 117.9683 117.9631 117.9585 117.9547 117.9515 117.949 117.9471 118.1208 118.1261 118.132 118.1386 118.1458 118.1536 118.162 118.1711 118.1807 118.191 118.206 118.2105 118.2158 118.2219 118.2288 118.2365 118.2449 118.2542 118.2643 118.2753 118.2871 118.2997 118.3133 118.3998 118.4201 118.4413 118.4632 118.4859 118.5095 118.5339
118.6948 118.633 118.6035 118.5748 118.5469 118.5198 118.4936 118.4682 118.4437 118.42 118.3972 118.3753 118.3543 118.3341 118.314 118.3008 118.2816 118.2634 118.2461 118.2296 117.9208 117.9109 117.9017 117.8933 117.8855 117.8785 117.8722 117.8665 117.8616 117.8574 117.8539 117.851 117.8489 117.8475 117.8468 117.8467 117.8474 117.8488 118.0558 118.0641 118.0729 118.0825 118.0926 118.1034 118.1073 118.1126 118.1186 118.1255 118.1331 118.1416 118.1509 118.161 118.1719 118.1838 118.1965 118.281 118.3007 118.3211 118.3422 118.3643 118.3871 118.4107 118.4352
118.6108 118.5483 118.5179 118.4884 118.4597 118.4318 118.4048 118.3787 118.3534 118.329 118.3055 118.283 118.2613 118.2405 118.2197 118.2058 118.1861 118.1674 118.1495 118.1326 118.1165 117.8174 117.8077 117.7988 117.7906 117.7832 117.7764 117.7704 117.7651 117.7606 117.7567 117.7536 117.7511 117.7494 117.7484 117.7482 117.7486 117.7498 117.7517 117.7544 117.7578 117.7619 117.7668 117.7725 118.0165 117.9962 118.0019 118.0225 118.0301 118.0385 118.0478 118.0579 118.0689 118.0807 118.1632 118.1821 118.2017 118.2222 118.2434 118.2654 118.2883 118.312 118.3366
118.527 118.4638 118.4326 118.4022 118.3727 118.344 118.3162 118.2893 118.2634 118.2383 118.2141 118.1909 118.1686 118.1466 118.1256 118.1055 118.0909 118.0716 118.0533 118.0359 118.0194 118.0038 117.7142 117.7048 117.6962 117.6883 117.6812 117.6748 117.6691 117.6642 117.66 117.6566 117.6539 117.6519 117.6506 117.6501 117.6504 117.6513 117.653 117.6555 117.6587 117.6627 117.6675 117.673 117.6793 117.6865 117.8992 117.9056 117.9129 117.921 117.93 117.9399 117.9506 118.0465 118.0646 118.0834 118.1031 118.1235 118.1447 118.1668 118.1897 118.2135 118.2382
