data/raw_data/rasters/botm_new.txt
ncols         366
nrows         272
xllcorner     426898.75557905
yllcorner     6654736.6994117
cellsize      2
NODATA_value  -9999
[rows 224 to 251 of 272, columns 0 to 62 of 366]
116.3523 116.3267 116.3054 116.272 116.2359 116.1849 116.1357 116.0886 116.0424 115.9966 115.9519 115.9095 115.8684 115.8311 115.7983 115.7673 115.7382 115.711 115.6854 115.6614 115.6391 115.6183 115.5989 115.5809 115.5643 115.549 115.5352 115.5225 115.5109 115.5005 115.4908 115.4817 115.4735 115.4662 115.4598 115.4542 115.4495 115.4456 115.4425 115.4401 115.4384 115.4333 115.4287 115.4232 115.4199 115.4173 115.4151 115.4169 115.4148 115.4012 115.3894 115.3799 115.3664 115.3623 115.3601 115.3743 115.3918 115.4105 115.4313 115.4534 115.4769 115.4995 115.5265
116.2892 116.2703 116.254 116.2194 116.1823 116.1345 116.0847 116.037 115.9913 115.946 115.901 115.8584 115.8179 115.7788 115.745 115.7141 115.685 115.6577 115.6322 115.6084 115.5861 115.5654 115.5461 115.5283 115.5117 115.4965 115.4827 115.4702 115.4588 115.4485 115.4393 115.4304 115.4222 115.415 115.4087 115.4032 115.3985 115.3946 115.3914 115.389 115.3832 115.3779 115.3717 115.3676 115.3643 115.3614 115.3624 115.3657 115.3697 115.3693 115.3579 115.35 115.3433 115.333 115.3302 115.3295 115.3472 115.3662 115.3846 115.4042 115.4277 115.4477 115.469
116.2409 116.2217 116.2049 116.166 116.1311 116.0865 116.0361 115.9879 115.9417 115.8969 115.8526 115.8096 115.769 115.7298 115.6944 115.6635 115.6344 115.6072 115.5818 115.558 115.5359 115.5153 115.4962 115.4785 115.4621 115.4469 115.4331 115.4207 115.4095 115.3994 115.3902 115.382 115.374 115.3668 115.3605 115.355 115.3503 115.3465 115.3433 115.3367 115.3307 115.3239 115.3191 115.315 115.3115 115.3117 115.3142 115.3181 115.3231 115.3301 115.332 115.3235 115.3168 115.3133 115.3046 115.3034 115.3026 115.3193 115.3377 115.355 115.3735 115.3931 115.4138
116.1951 116.1755 116.1551 116.1151 116.0791 116.0411 115.9901 115.9413 115.8947 115.8503 115.8065 115.7634 115.7227 115.6843 115.6473 115.6156 115.5866 115.5595 115.5342 115.5106 115.4886 115.4682 115.4492 115.4316 115.4153 115.4003 115.3865 115.3741 115.3632 115.353 115.344 115.3362 115.3287 115.3216 115.3153 115.3099 115.3052 115.3013 115.294 115.2873 115.2797 115.2743 115.2695 115.2653 115.2648 115.267 115.2703 115.2753 115.2811 115.2884 115.2964 115.3011 115.2939 115.2887 115.2834 115.276 115.2725 115.271 115.2868 115.3037 115.3218 115.3411 115.3609
116.1571 116.133 116.1079 116.0711 116.034 115.9949 115.9468 115.8974 115.8503 115.8056 115.7624 115.72 115.6791 115.6406 115.6037 115.5705 115.5417 115.5147 115.4896 115.4662 115.4444 115.4241 115.4052 115.3878 115.3717 115.3568 115.343 115.3306 115.3195 115.3097 115.301 115.2931 115.2862 115.2794 115.2732 115.2678 115.2631 115.2551 115.2477 115.2394 115.2333 115.2278 115.2229 115.222 115.2236 115.2267 115.2307 115.2359 115.2419 115.2501 115.2585 115.2677 115.2708 115.2648 115.2577 115.2518 115.2419 115.2392 115.2386 115.2552 115.2729 115.2913 115.2941
116.1218 116.0932 116.0677 116.0298 115.9916 115.9516 115.9062 115.8563 115.8088 115.7636 115.721 115.6792 115.6383 115.5999 115.5638 115.5293 115.4998 115.473 115.4481 115.4248 115.4032 115.3831 115.3644 115.3471 115.3311 115.3164 115.3028 115.2903 115.2791 115.2695 115.2607 115.2531 115.2463 115.2404 115.2342 115.2288 115.22 115.2119 115.2029 115.1961 115.1899 115.1845 115.183 115.1843 115.1863 115.1897 115.1937 115.1997 115.206 115.2131 115.2202 115.2295 115.2371 115.2397 115.2316 115.2252 115.2201 115.211 115.2092 115.2094 115.2261 115.2273 115.2294
116.0893 116.0562 116.0303 115.9913 115.9493 115.9111 115.8686 115.8181 115.7701 115.7246 115.6817 115.6406 115.6006 115.5621 115.5262 115.4918 115.461 115.4345 115.4097 115.3867 115.3652 115.3453 115.3268 115.3097 115.2938 115.2792 115.2657 115.2533 115.242 115.2321 115.2237 115.216 115.2094 115.2039 115.1984 115.1889 115.18 115.1703 115.1627 115.1559 115.1498 115.1478 115.1481 115.1496 115.1518 115.1557 115.16 115.1651 115.1704 115.1776 115.1836 115.1903 115.1978 115.2059 115.2091 115.2017 115.196 115.1917 115.1834 115.1816 115.165 115.1652 115.1611
116.0598 116.0264 115.9996 115.953 115.9138 115.8745 115.8339 115.7829 115.7344 115.6886 115.6455 115.6051 115.5658 115.5275 115.4918 115.4583 115.4263 115.3992 115.3747 115.3519 115.3306 115.3109 115.2926 115.2756 115.2598 115.2453 115.2319 115.2196 115.2083 115.1983 115.1896 115.1822 115.1758 115.1703 115.1613 115.152 115.1416 115.1332 115.1256 115.1189 115.116 115.1157 115.1161 115.118 115.1204 115.1236 115.1272 115.1323 115.1368 115.1419 115.1478 115.1543 115.1615 115.1695 115.1782 115.182 115.1752 115.1703 115.1658 115.1397 115.1212 115.0996 115.1008
116.0334 115.9996 115.9691 115.9216 115.8814 115.8411 115.7996 115.7509 115.7019 115.6557 115.6125 115.572 115.5336 115.4963 115.4607 115.4275 115.3957 115.3674 115.3431 115.3205 115.2994 115.2799 115.2617 115.2449 115.2292 115.2148 115.2015 115.1893 115.1781 115.1678 115.1588 115.1517 115.1451 115.1357 115.1267 115.1165 115.1074 115.099 115.0914 115.0878 115.0865 115.0863 115.087 115.0884 115.0903 115.0936 115.0965 115.1002 115.1044 115.1094 115.1151 115.1214 115.1284 115.1362 115.1447 115.154 115.1584 115.1513 115.1274 115.1052 115.0741 115.057 115.0427
116.0101 115.976 115.9418 115.8935 115.8523 115.8087 115.7686 115.7222 115.6727 115.6262 115.5828 115.5423 115.5048 115.4685 115.4332 115.4002 115.3694 115.3399 115.3151 115.2927 115.2718 115.2524 115.2344 115.2176 115.2021 115.1878 115.1746 115.1624 115.1512 115.141 115.1317 115.124 115.1141 115.1043 115.0937 115.0847 115.0759 115.0676 115.063 115.0609 115.0598 115.0594 115.0597 115.0611 115.0627 115.0648 115.0677 115.0711 115.0753 115.0801 115.0856 115.0917 115.0986 115.1061 115.1145 115.1235 115.1323 115.1165 115.0907 115.0617 115.0408 115.0171 115.0018
115.9902 115.9558 115.9179 115.8689 115.8242 115.7797 115.7388 115.6971 115.6471 115.6002 115.5566 115.5163 115.479 115.4437 115.4094 115.3767 115.3461 115.3175 115.2908 115.2685 115.2478 115.2286 115.2106 115.194 115.1786 115.1643 115.1511 115.1389 115.1278 115.1175 115.1082 115.0967 115.0861 115.0749 115.0652 115.056 115.047 115.0417 115.0387 115.0366 115.0353 115.035 115.0351 115.0359 115.0373 115.0393 115.042 115.0453 115.0493 115.054 115.0593 115.0653 115.0719 115.0793 115.0874 115.0952 115.0834 115.0722 115.0506 115.0262 115.0044 114.9854 114.9768
115.9736 115.939 115.9006 115.8484 115.7999 115.7577 115.7158 115.6734 115.6253 115.578 115.5343 115.4941 115.4571 115.4228 115.3896 115.3572 115.3276 115.2991 115.2717 115.2482 115.2276 115.2084 115.1906 115.174 115.1586 115.1443 115.1311 115.119 115.1078 115.0976 115.0847 115.0727 115.0603 115.0501 115.0401 115.0303 115.024 115.0201 115.0172 115.0151 115.0138 115.0132 115.0132 115.0138 115.0151 115.017 115.0196 115.0228 115.0266 115.0311 115.0362 115.042 115.0486 115.0558 115.0625 115.0491 115.0363 115.0179 115.0075 114.9932 114.9706 114.9644 114.9605
115.9606 115.9258 115.887 115.8317 115.7826 115.7397 115.695 115.6537 115.6077 115.5441 115.5008 115.4762 115.4394 115.4055 115.3733 115.3426 115.3123 115.284 115.2574 115.2324 115.2112 115.192 115.1742 115.1576 115.1422 115.128 115.1148 115.1026 115.0914 115.0776 115.0646 115.0512 115.0398 115.0287 115.0186 115.0114 115.006 115.0015 114.9988 114.9968 114.9954 114.9946 114.9945 114.995 114.9962 114.998 115.0004 115.0034 115.0071 115.0114 115.0164 115.0221 115.0285 115.0343 115.0193 115.0048 114.9845 114.9724 114.9614 114.9523 114.9539 114.9476 114.9425
115.9512 115.9163 115.8771 115.8189 115.7693 115.7237 115.6784 115.6366 115.5613 115.4981 115.4547 115.4316 115.4264 115.3927 115.3614 115.3316 115.3014 115.2738 115.2472 115.2221 115.1986 115.1795 115.1616 115.145 115.1296 115.1153 115.102 115.0898 115.0749 115.0609 115.0466 115.0343 115.0228 115.0117 115.0036 114.9973 114.9915 114.987 114.9839 114.9817 114.9802 114.9793 114.9791 114.9795 114.9805 114.9822 114.9844 114.9873 114.9909 114.9951 114.9999 115.0055 115.0103 114.9938 114.9776 114.9555 114.9417 114.929 114.9181 114.9235 114.931 114.9344 114.9261
115.9454 115.9106 115.871 115.8127 115.7607 115.7121 115.6692 115.5744 115.4997 115.4381 115.3962 115.3734 115.3705 115.3846 115.3534 115.3242 115.2955 115.2671 115.2411 115.2159 115.1915 115.1707 115.1528 115.1361 115.1206 115.1062 115.0929 115.0769 115.0618 115.0464 115.0332 115.0208 115.0091 115.0006 114.9935 114.9868 114.9811 114.9758 114.9722 114.9699 114.9683 114.9673 114.9669 114.9672 114.9681 114.9696 114.9718 114.9745 114.9779 114.982 114.9867 114.9912 114.9725 114.9548 114.9308 114.9153 114.9008 114.8883 114.8923 114.8985 114.9057 114.9118 114.9158
115.9432 115.9085 115.8688 115.8105 115.7563 115.7077 115.6064 115.5104 115.422 115.3644 115.3223 115.3019 115.3171 115.3336 115.35 115.3206 115.2925 115.2654 115.2384 115.2131 115.1891 115.1667 115.1478 115.131 115.1153 115.1008 115.0836 115.0673 115.0508 115.0365 115.0231 115.0105 115.0013 114.9941 114.9868 114.98 114.974 114.9683 114.9639 114.9614 114.9597 114.9585 114.958 114.9582 114.9589 114.9603 114.9623 114.965 114.9683 114.9722 114.9763 114.956 114.9367 114.9103 114.8931 114.8769 114.8627 114.8655 114.8703 114.8761 114.8808 114.8889 114.9
115.9447 115.9102 115.8704 115.8123 115.756 115.6429 115.5407 115.4257 115.3411 115.2728 115.2334 115.2316 115.2497 115.2845 115.3029 115.3215 115.2938 115.2672 115.2399 115.215 115.1908 115.1673 115.1466 115.1296 115.1138 115.0952 115.0777 115.0599 115.0445 115.0299 115.0163 115.0061 114.9981 114.9908 114.9836 114.9768 114.9701 114.964 114.9592 114.9562 114.9543 114.953 114.9524 114.9524 114.953 114.9543 114.9562 114.9587 114.9618 114.9657 114.9438 114.9227 114.8945 114.8756 114.8572 114.8412 114.8428 114.8463 114.8509 114.8541 114.8608 114.8708 114.8817
115.9498 115.9155 115.8757 115.818 115.6905 115.5767 115.452 115.3616 115.2721 115.1941 115.1624 115.1816 115.2006 115.2206 115.2574 115.2778 115.2986 115.2724 115.2463 115.2203 115.1957 115.1726 115.15 115.1319 115.1118 115.0929 115.0738 115.0571 115.0414 115.0266 115.0154 115.0064 114.9982 114.9908 114.9837 114.9766 114.9695 114.9635 114.9578 114.9542 114.9522 114.9508 114.95 114.9499 114.9504 114.9515 114.9533 114.9557 114.9587 114.9357 114.913 114.8828 114.8622 114.8421 114.8239 114.8242 114.8265 114.8298 114.8317 114.837 114.8458 114.8556 114.8718
115.9583 115.9243 115.8846 115.7512 115.625 115.4853 115.3842 115.2887 115.2031 115.167 115.1466 115.1323 115.1534 115.1744 115.1963 115.2353 115.2578 115.2808 115.2551 115.2295 115.2045 115.1809 115.1588 115.1337 115.1132 115.0926 115.0746 115.0576 115.0416 115.0293 115.0192 115.0101 115.0017 114.9941 114.9873 114.9798 114.9728 114.9664 114.9603 114.9555 114.9533 114.9517 114.9508 114.9506 114.9509 114.9519 114.9536 114.9559 114.9312 114.9073 114.8751 114.8529 114.831 114.8111 114.8096 114.8107 114.8128 114.8134 114.8174 114.825 114.8336 114.8489 114.8668
115.9701 115.9366 115.8161 115.6839 115.5321 115.4128 115.3065 115.2151 115.1741 115.1621 115.1463 115.1189 115.1064 115.1294 115.1526 115.1765 115.2178 115.2425 115.2678 115.2425 115.2171 115.194 115.1671 115.1415 115.1165 115.097 115.0785 115.0612 115.0477 115.0366 115.0264 115.017 115.0085 115.0007 114.9937 114.9865 114.9795 114.9723 114.9657 114.9605 114.9576 114.9559 114.9549 114.9545 114.9547 114.9556 114.9571 114.9307 114.9052 114.871 114.8471 114.8239 114.8017 114.799 114.799 114.7998 114.7991 114.8018 114.8084 114.8158 114.8302 114.8471 114.8657
115.946 115.8527 115.7467 115.5872 115.4619 115.3412 115.2321 115.1863 115.1757 115.1604 115.1485 115.1251 115.0953 115.0844 115.1095 115.1348 115.1608 115.2046 115.2317 115.2585 115.2343 115.2054 115.1789 115.1513 115.1263 115.1044 115.0857 115.0709 115.0586 115.0473 115.0368 115.0273 115.0185 115.0106 115.0034 114.9964 114.9891 114.9814 114.975 114.9688 114.9651 114.9633 114.9621 114.9616 114.9617 114.9624 114.9343 114.907 114.8708 114.8451 114.8201 114.7961 114.7923 114.7911 114.7907 114.7887 114.7902 114.7957 114.802 114.8155 114.8315 114.8493 114.8679
115.8421 115.7666 115.6457 115.5143 115.3874 115.268 115.2081 115.1897 115.1758 115.1608 115.1492 115.1339 115.1038 115.0753 115.066 115.0932 115.1208 115.1491 115.1956 115.225 115.2498 115.2213 115.1926 115.1658 115.1404 115.116 115.0988 115.0853 115.0728 115.0612 115.0505 115.0407 115.0318 115.0236 115.0163 115.0096 115.0019 114.9945 114.9877 114.981 114.9758 114.9738 114.9725 114.9718 114.9718 114.9419 114.9128 114.8744 114.847 114.8202 114.7944 114.7894 114.787 114.7855 114.7822 114.7825 114.7869 114.7922 114.8047 114.8199 114.8368 114.8546 114.8719
115.7355 115.6389 115.5697 115.4366 115.311 115.2484 115.2174 115.1955 115.1777 115.1675 115.1528 115.1411 115.1147 115.086 115.0588 115.051 115.0805 115.1104 115.1411 115.1873 115.2146 115.2387 115.21 115.1837 115.1576 115.1359 115.1168 115.1029 115.0901 115.0783 115.0674 115.0574 115.0482 115.0398 115.0323 115.0255 115.0181 115.0108 115.003 114.9966 114.9902 114.9874 114.9859 114.9851 114.9534 114.9225 114.8819 114.8526 114.824 114.7964 114.7901 114.7866 114.784 114.7794 114.7785 114.7819 114.7861 114.7978 114.8122 114.8283 114.8453 114.8615 114.8777
115.6256 115.5404 115.4885 115.3567 115.2914 115.2594 115.2287 115.2032 115.1858 115.1725 115.1582 115.1469 115.1279 115.099 115.0716 115.0456 115.0394 115.0712 115.102 115.1319 115.1779 115.2062 115.2317 115.2038 115.1814 115.1607 115.1412 115.1237 115.1106 115.0986 115.0874 115.0771 115.0677 115.0592 115.0514 115.0444 115.0374 115.0298 115.0223 115.0155 115.0087 115.0041 115.0025 114.9688 114.936 114.8932 114.862 114.8315 114.802 114.7946 114.7899 114.7861 114.7803 114.7665 114.7704 114.7736 114.7845 114.7981 114.8137 114.8299 114.8453 114.8605 114.8769
115.5518 115.4753 115.4048 115.3368 115.304 115.2723 115.2418 115.2126 115.192 115.1792 115.1653 115.1512 115.1398 115.1144 115.0867 115.0604 115.0355 115.0308 115.0634 115.0934 115.1243 115.1733 115.2014 115.2312 115.2089 115.1889 115.1689 115.1499 115.1342 115.1219 115.1105 115.1 115.0903 115.0815 115.0735 115.0663 115.0599 115.0527 115.0448 115.0376 115.0311 115.0246 114.9881 114.9533 114.9082 114.8751 114.8426 114.8112 114.8026 114.7845 114.7796 114.7725 114.7572 114.7496 114.7413 114.7531 114.7661 114.7812 114.7971 114.812 114.8263 114.8418 114.8493
115.476 115.4083 115.3846 115.351 115.3184 115.287 115.2568 115.2278 115.2038 115.1874 115.1748 115.1611 115.1502 115.1319 115.104 115.0776 115.0524 115.0285 115.0236 115.057 115.0897 115.1214 115.1737 115.2077 115.2407 115.2203 115.1998 115.1804 115.162 115.1482 115.1365 115.1258 115.1159 115.1069 115.0987 115.0913 115.0846 115.078 115.0704 115.0629 115.056 115.0139 114.9745 114.9269 114.8918 114.8573 114.8239 114.8141 114.7818 114.7631 114.7422 114.7253 114.7181 114.7102 114.7105 114.7119 114.7284 114.7439 114.7584 114.7723 114.7873 114.8035 114.8107
115.4432 115.4237 115.4001 115.3668 115.3346 115.3035 115.2735 115.2447 115.2172 115.1978 115.1858 115.1726 115.1591 115.148 115.1235 115.0969 115.0715 115.0474 115.0245 115.0211 115.0553 115.0907 115.1268 115.1824 115.2192 115.2536 115.2339 115.2141 115.1953 115.1774 115.1655 115.1545 115.1444 115.1352 115.1268 115.1191 115.1123 115.1063 115.0992 115.0913 115.0471 115.0039 114.9502 114.9121 114.8756 114.8401 114.8291 114.7817 114.7483 114.7126 114.694 114.6726 114.665 114.666 114.6681 114.6729 114.6897 114.7037 114.717 114.7315 114.7472 114.7634 114.7706
115.46 115.4408 115.4173 115.3843 115.3524 115.3216 115.2919 115.2634 115.236 115.2135 115.1981 115.1861 115.1732 115.1627 115.1451 115.1183 115.0927 115.0684 115.0453 115.0233 115.0214 115.0584 115.0965 115.1354 115.1945 115.2328 115.2699 115.2508 115.2316 115.2134 115.1974 115.1861 115.1758 115.1663 115.1577 115.1499 115.1428 115.1366 115.1302 115.0839 115.0379 114.9812 114.9379 114.8973 114.8597 114.8475 114.7974 114.7485 114.697 114.6633 114.6399 114.6177 114.6194 114.6222 114.6278 114.6325 114.6478 114.6605 114.6744 114.6896 114.7051 114.7215 114.733
