data/raw_data/rasters/botm.txt
ncols         366
nrows         272
xllcorner     426898.75557905
yllcorner     6654736.6994117
cellsize      2
NODATA_value  -9999
[rows 224 to 251 of 272, columns 189 to 251 of 366]
126.7327 126.846 126.9338 127.046 127.1129 127.2202 127.3521 127.4476 127.5535 127.6497 127.7422 127.8307 128.375 128.4829 128.5488 128.7833 128.8904 128.9933 128.9458 129.035 129.1031 129.1818 129.2349 129.1411 129.2127 129.1045 129.1572 129.2069 129.2536 129.2975 129.3354 129.3743 129.4621 129.4969 129.5455 129.577 129.6071 129.6362 129.6646 129.6925 129.7414 129.891 129.9182 129.946 129.9749 130.005 130.0382 130.0717 130.1074 130.1457 130.187 130.2314 130.2794 130.3312 130.3871 130.5514 130.6245 130.7028 130.7864 130.8207 130.9681 131.0668 131.1719
126.6762 126.7874 126.8969 126.9848 127.0927 127.1871 127.284 127.3777 127.477 127.5712 128.0894 128.202 128.3117 128.4182 128.6537 128.7156 128.8218 128.7822 128.8751 128.9774 129.0607 129.1378 129.0401 129.0945 129.1669 128.9882 129.1125 129.1644 129.2137 129.2601 129.3041 129.3414 129.3811 129.4717 129.5245 129.5593 129.5929 129.6256 129.6577 129.6893 129.7209 129.7727 129.9281 129.9598 129.9926 130.0266 130.0623 130.1007 130.1404 130.1827 130.2279 130.2763 130.3282 130.3839 130.4436 130.6356 130.7119 130.7932 130.8797 130.9881 131.0831 131.1841 131.2912
126.6162 126.7254 126.8328 126.9382 127.1396 127.1103 127.2126 127.3019 127.7954 127.9119 128.0258 128.1369 128.2451 128.478 128.5849 128.6882 128.6127 128.709 128.8447 128.932 129.0135 128.9122 128.9899 129.0645 128.8729 128.9356 128.9952 129.1208 129.1722 129.2216 129.2683 129.3128 129.3498 129.3907 129.5018 129.54 129.577 129.6132 129.6488 129.6842 129.7195 129.7551 129.81 129.9711 130.0077 130.0456 130.0852 130.1267 130.1704 130.2166 130.2657 130.3179 130.3736 130.433 130.4965 130.7148 130.7941 130.8784 131.0041 131.0956 131.1928 131.2959 131.4051
126.5528 126.66 126.7654 126.9912 127.0878 127.0372 127.5003 127.6147 127.7318 127.8466 127.9589 128.0685 128.2983 128.4072 128.5128 128.4646 128.5574 128.7052 128.7964 128.8819 128.7785 128.8594 128.9375 129.0127 128.8019 128.8819 128.9437 129.0027 129.0615 129.1156 129.2312 129.2784 129.3239 129.3741 129.4166 129.5189 129.5593 129.5989 129.6381 129.677 129.716 129.7554 129.7953 129.8535 130.0201 130.0618 130.1051 130.1505 130.1981 130.2473 130.3002 130.3561 130.4155 130.4786 130.5457 130.7889 130.8712 131.0155 131.1039 131.1978 131.2972 131.4024 131.5134
126.4861 126.5913 126.8257 126.9231 127.3179 127.3545 127.4397 127.5515 127.6649 127.7781 127.8889 128.1149 128.2256 128.3332 128.2927 128.3879 128.5904 128.6767 128.7435 128.6391 128.7232 128.8045 128.883 128.9588 128.7444 128.8103 128.8911 128.9524 129.0112 129.0703 129.1248 129.2428 129.2911 129.3543 129.3892 129.4337 129.5398 129.5828 129.6254 129.6679 129.7104 129.7534 129.7971 129.8417 129.9032 130.0751 130.1222 130.1712 130.2225 130.2764 130.3313 130.3909 130.4539 130.5205 130.591 130.858 131.022 131.1077 131.1986 131.2947 131.3962 131.5033 131.6162
126.4164 126.658 127.0321 127.1467 127.2597 127.2914 127.402 127.4862 127.5944 127.7066 127.9285 128.0405 128.1497 128.1169 128.2142 128.4494 128.5386 128.6062 128.0569 128.5814 128.6658 128.7475 128.8265 128.6155 128.6859 128.7538 128.819 128.9009 128.9621 129.0211 129.0809 129.1362 129.2569 129.3236 129.3722 129.4079 129.4549 129.5649 129.6108 129.6567 129.7027 129.7493 129.7965 129.8447 129.8942 129.9593 130.1364 130.189 130.2439 130.3013 130.3615 130.4222 130.4886 130.5587 130.6326 131.0232 131.1067 131.1949 131.288 131.3863 131.4898 131.5988 131.931
126.7426 126.8585 126.9732 127.0864 127.1981 127.2251 127.3343 127.4415 127.5247 127.7354 127.8524 127.963 127.9378 128.0368 128.3037 128.3954 128.468 128.4059 127.9859 128.0604 128.6064 128.6885 128.7681 128.5542 128.6264 128.6961 128.7634 128.8285 128.9118 128.9733 129.0328 129.0938 129.1667 129.223 129.3429 129.3936 129.4484 129.4802 129.5942 129.6434 129.6929 129.7429 129.7936 129.8454 129.8984 129.953 130.0218 130.2037 130.262 130.3229 130.3866 130.4533 130.5197 130.5931 130.6984 131.1004 131.1862 131.2767 131.3721 131.4724 131.5779 131.9191 132.0333
126.6831 126.7977 126.911 127.0228 127.1331 127.1558 127.2635 127.3692 127.5759 127.662 127.7667 127.7556 127.8561 128.1537 128.2477 128.3248 128.2551 127.837 127.914 127.9888 128.0615 128.6276 128.7077 128.4919 128.5659 128.6375 128.7068 128.774 128.8391 128.9241 128.9863 129.0468 129.1261 129.1842 129.2425 129.2987 129.3543 129.4122 129.4664 129.6281 129.6809 129.7342 129.7883 129.8435 129.9 129.9581 130.0179 130.0905 130.277 130.3412 130.4082 130.4782 130.5514 130.671 130.7459 131.1724 131.2607 131.3534 131.4508 131.5531 131.9038 132.0144 132.1301
126.6204 126.7336 126.8455 126.956 127.065 127.0834 127.1897 127.3934 127.4997 127.6038 127.5663 127.6619 127.9996 128.0958 128.177 128.1012 128.1902 127.7641 127.8413 127.9164 127.9895 128.0605 128.3508 128.4287 128.5043 128.5777 128.649 128.7183 128.7857 128.8513 128.9384 129.0015 129.0807 129.1449 129.2048 129.2655 129.3242 129.3824 129.4421 129.4996 129.6667 129.7233 129.7807 129.8392 129.899 129.9604 130.0236 130.0889 130.1653 130.3562 130.4264 130.4995 130.717 130.7951 130.7897 131.2394 131.3299 131.4248 131.5242 131.8847 131.992 132.1041 132.2213
126.5546 126.6664 126.7769 126.8861 126.9015 127.0081 127.2084 127.3155 127.4206 127.4052 127.5004 127.8718 127.9648 128.0249 127.9446 128.0349 128.1233 127.6904 127.7678 127.8432 127.9167 127.9883 128.0581 128.3645 128.4417 128.517 128.5902 128.6615 128.731 128.799 128.8654 128.9725 129.0371 129.1006 129.1669 129.2289 129.2923 129.3536 129.4149 129.4765 129.5375 129.71 129.7706 129.8324 129.8954 129.9601 130.0265 130.095 130.1659 130.246 130.4411 130.6876 130.7644 130.8449 130.9292 131.3014 131.394 131.4909 131.8614 131.9657 132.0747 132.1884 132.3069
126.4857 126.5961 126.7053 126.8131 126.8247 127.0214 127.129 127.2348 127.2256 127.322 127.7177 127.813 127.3664 127.298 127.8768 127.9665 127.5363 127.6158 127.6935 127.7692 127.8432 127.9153 127.9857 128.0545 128.3782 128.4551 128.5302 128.6035 128.6752 128.7454 128.8142 128.899 128.992 129.0581 129.1235 129.1922 129.2566 129.3229 129.3872 129.4517 129.5155 129.5803 129.7582 129.823 129.8892 129.957 130.0266 130.0982 130.1721 130.2485 130.5588 130.7284 130.8077 130.8905 130.9771 131.0676 131.453 131.8337 131.9354 132.0415 132.152 132.2671 132.3869
126.4138 126.5229 126.6307 126.7371 126.8325 126.9405 127.0468 127.0437 127.141 127.5611 127.6582 127.7368 127.1139 127.2207 127.3087 127.8963 127.4609 127.5405 127.6184 127.6945 127.7688 127.8415 127.9126 127.9821 128.0502 128.3922 128.4692 128.5445 128.6182 128.6906 128.7616 128.8491 128.9182 129.0142 129.0822 129.1497 129.221 129.2881 129.3576 129.4251 129.493 129.5591 129.6279 129.8112 129.8804 129.9512 130.0238 130.0984 130.1753 130.5106 130.5882 130.6729 130.8468 130.9319 131.0206 131.1132 131.4956 131.9007 132.0042 132.1119 132.2239 132.3403 133.6659
126.3391 126.4467 126.5532 126.7857 126.7502 126.8568 126.8598 126.9577 127.4008 127.4995 127.5846 127.4948 127.037 127.1275 127.2301 127.3161 127.3846 127.4644 127.5425 127.6189 127.6938 127.767 127.8387 127.909 127.9779 128.0455 128.4071 128.4843 128.56 128.6345 128.7255 128.7979 128.8694 128.9402 129.0393 129.1095 129.1794 129.2535 129.3235 129.3963 129.4672 129.5388 129.6074 129.6803 129.8689 129.9426 130.0181 130.0956 130.4621 130.5393 130.6193 130.7025 130.7911 130.969 131.0598 131.4529 131.55 131.651 132.0677 132.177 132.2904 133.6883 133.7941
126.2615 126.3678 126.5968 126.7046 126.6653 126.6741 126.7725 127.2373 127.3374 127.4284 127.3334 127.4074 126.9593 127.0494 127.138 127.2365 127.3208 127.3875 127.4658 127.5426 127.6179 127.6917 127.7641 127.8351 127.9048 127.9734 128.0408 128.4229 128.5007 128.5772 128.6706 128.7453 128.8192 128.8924 128.9651 129.0675 129.14 129.2126 129.2898 129.3629 129.4393 129.5137 129.5891 129.6603 129.7374 129.9313 130.0096 130.4076 130.4846 130.5642 130.6466 130.732 130.8206 130.913 131.406 131.5011 131.6 131.7027 131.8093 132.2368 133.7099 133.8116 133.9178
126.1811 126.4063 126.5141 126.6206 126.487 126.5857 127.0706 127.172 127.2682 127.1695 127.2404 126.7896 126.8807 126.9704 127.0587 127.1456 127.2402 127.1954 127.3884 127.4656 127.5413 127.6157 127.6887 127.7605 127.831 127.9005 127.9689 128.3157 128.4401 128.5187 128.6144 128.6913 128.7675 128.843 128.9182 128.993 129.099 129.1741 129.2494 129.3299 129.4062 129.4863 129.5645 129.6438 129.7177 129.7991 130.155 130.4241 130.5035 130.5854 130.6701 130.7577 130.8484 131.2602 131.3586 131.545 131.6456 131.7499 131.858 133.405 133.8282 133.9304 134.0369
126.2144 126.3221 126.4286 126.4103 126.3974 126.9012 127.0036 127.1046 127.0034 127.0976 127.166 126.7106 126.8014 126.8907 126.9787 127.0654 127.1506 127.1158 127.1943 127.3878 127.464 127.5389 127.6126 127.6851 127.7564 127.8268 127.8962 128.251 128.3234 128.4771 128.5569 128.6359 128.7143 128.7922 128.8696 128.9469 129.0241 129.1337 129.2117 129.29 129.3738 129.4536 129.5375 129.6195 129.7028 129.9131 129.994 130.4371 130.5188 130.603 130.6898 130.7795 131.2024 131.2973 131.3953 131.4972 131.6868 131.7926 133.4205 133.5145 133.6127 134.0448 134.1515
126.1289 126.2352 126.2223 126.3212 126.7292 126.8324 126.9377 126.8351 126.9301 126.9959 127.0898 126.6309 126.7212 126.8102 126.898 126.9844 126.942 127.0235 127.1145 127.192 127.3859 127.4614 127.5357 127.6089 127.6811 127.7523 127.8228 128.1851 128.2591 128.3324 128.498 128.5791 128.6597 128.7397 128.8195 128.8991 128.9787 129.0585 129.1719 129.2528 129.3342 129.4215 129.5048 129.5927 129.8203 129.9029 129.9877 130.2892 130.4296 130.5177 130.7058 131.1399 131.2337 131.3304 131.4303 131.5334 131.6385 133.4353 133.5258 133.6204 133.719 133.8217 134.2616
126.0407 126.033 126.1319 126.7785 126.6588 126.7678 126.6648 126.7605 126.8549 126.9185 127.0117 126.5503 126.6402 126.729 126.8165 126.9028 126.8623 126.9441 127.0246 127.112 127.1888 127.3831 127.4581 127.532 127.605 127.6771 128.0418 128.118 128.1935 128.2684 128.3428 128.521 128.6036 128.6858 128.7678 128.8497 128.9316 129.0137 129.0961 129.2135 129.2974 129.3821 129.473 129.7168 129.807 129.8921 129.9788 130.2907 130.3799 130.5231 130.9488 131.0441 131.1421 131.2428 131.4612 131.5658 133.3746 133.4551 133.6277 133.7226 133.8215 133.9244 134.0314
125.8428 125.9416 126.6022 126.4828 126.5952 126.4927 126.5889 126.684 126.7455 126.8393 126.9319 126.4689 126.5585 126.6469 126.7343 126.6991 126.7822 126.8642 126.945 127.0247 127.1087 127.185 127.3797 127.4544 127.5281 127.6011 127.9721 128.0497 128.1267 128.2031 128.2791 128.3548 128.5461 128.6304 128.7145 128.7985 128.8827 128.967 129.0518 129.1371 129.2584 129.3455 129.605 129.6986 129.7846 129.8789 129.968 130.2937 130.3802 130.811 130.963 131.0603 131.1601 131.2626 131.3678 132.5921 132.691 133.5639 133.6464 133.8212 133.9202 134.0232 134.1301
125.7503 126.4233 126.5292 126.42 126.319 126.4156 126.5112 126.6057 126.6651 126.7583 126.2964 126.3867 126.476 126.5642 126.6513 126.6183 126.7016 126.7838 126.8649 126.945 127.0241 127.105 127.1809 127.376 127.4505 127.5244 127.9014 127.9803 128.0586 128.1365 128.2141 128.2914 128.3687 128.5735 128.6596 128.7458 128.832 128.9186 129.0055 129.093 129.1813 129.4959 129.582 129.6692 129.7665 129.8563 129.9546 130.2888 130.7223 130.82 130.9182 131.0727 131.1743 131.2785 132.5582 132.6551 132.7549 132.8578 132.9637 133.8387 134.0153 134.1182 134.225
126.2421 126.3484 126.5202 126.1437 126.2406 126.3366 126.4316 126.4894 126.5831 126.6757 126.2138 126.3037 126.3927 126.4807 126.4525 126.537 126.6204 126.7029 126.7843 126.8648 126.9444 127.0231 127.101 127.1768 127.3722 127.7487 127.8294 127.9096 127.9893 128.0686 128.1477 128.2266 128.3055 128.3844 128.6032 128.6913 128.7797 128.8683 128.9574 129.047 129.3296 129.417 129.5569 129.6463 129.737 129.838 129.9315 130.6297 130.7262 130.8246 130.9256 131.0279 131.1848 132.5216 132.6168 132.7147 132.8154 132.919 133.0256 133.1353 133.2363 134.2094 134.316
126.1654 126.34 126.0991 126.0641 126.1604 126.2559 126.3503 126.4063 126.4994 126.5915 126.1304 126.22 126.3087 126.3965 126.3706 126.4551 126.5387 126.6214 126.7032 126.7841 126.8642 126.9435 127.022 127.097 127.1729 127.6745 127.7564 127.8378 127.9188 127.9995 128.08 128.1604 128.2408 128.3213 128.4021 128.6353 128.7256 128.8163 128.9073 129.2085 129.2973 129.3869 129.4774 129.6212 129.7141 129.8082 130.5267 130.6234 130.7268 130.8271 130.9294 131.0336 132.4234 132.576 132.6722 132.771 132.8725 132.9767 133.0839 133.194 133.3072 133.4099 134.4032
126.1572 125.9203 126.0185 125.9828 126.0785 126.1734 126.228 126.3215 126.414 126.5057 126.0462 126.1356 126.224 126.2025 126.2881 126.3727 126.4565 126.5395 126.6216 126.7029 126.7835 126.8633 126.9425 127.021 127.0933 127.1695 127.6822 127.7648 127.8471 127.9291 128.011 128.0928 128.1747 128.2568 128.3391 128.5584 128.6699 128.7624 129.0818 129.1722 129.2631 129.3548 129.4474 129.5411 129.6889 130.1454 130.5122 130.6186 130.7188 130.8263 130.9303 132.3796 132.4743 132.5704 132.7245 132.8241 132.9262 133.031 133.1386 133.249 133.3624 133.4788 133.5829
125.7399 125.8383 125.936 125.8997 125.9948 126.0892 126.1422 126.2351 126.3272 125.8714 125.9613 126.0503 126.1386 126.1194 126.205 126.2898 126.3738 126.457 126.5395 126.6212 126.7022 126.7826 126.8624 126.9416 127.0203 127.0902 127.2147 127.6907 127.7741 127.8574 127.9406 128.0238 128.1072 128.1907 128.2746 128.4992 128.593 128.9498 129.0417 129.134 129.2271 129.3208 129.4154 129.5111 129.9662 130.1298 130.5022 130.6025 130.7126 130.8163 130.9229 131.0303 131.1398 131.2584 131.3724 132.8738 132.9765 133.0818 133.1898 133.3005 133.414 133.5304 133.6497
125.6567 125.7545 125.8516 125.8149 125.9095 125.9616 126.0548 126.1472 126.2388 125.786 125.8756 125.9644 125.9492 126.0357 126.1214 126.2064 126.2906 126.3741 126.4569 126.539 126.6205 126.7014 126.7818 126.8617 126.9411 127.0202 127.1362 127.2117 127.7 127.7845 127.869 127.9535 128.0382 128.1232 128.2085 128.4384 128.2532 128.3406 128.9998 129.0942 129.1891 129.2848 129.3814 129.8452 129.9456 130.0473 130.4892 130.5913 130.6949 130.8013 130.9098 131.0258 131.1367 131.2496 131.3719 131.4894 133.0236 133.1293 133.2376 133.3484 133.462 133.5783 133.6974
125.5645 125.6689 125.7654 125.7284 125.8225 125.8733 125.9659 126.0578 126.149 125.6999 125.7892 125.8778 125.865 125.9515 126.0373 126.1224 126.2068 126.2906 126.3737 126.4563 126.5382 126.6197 126.7007 126.7812 126.8614 126.9412 127.0518 127.1337 127.2111 127.7104 127.7961 127.8819 127.9679 128.0542 128.2791 128.1113 128.1999 128.2888 128.3783 129.0525 129.1493 129.2469 129.7191 129.8206 129.923 130.0265 130.4147 130.5771 130.684 130.7923 130.9023 131.014 131.1301 131.2443 131.3606 131.4863 131.6071 133.1735 133.2819 133.3929 133.5064 133.6226 133.7414
125.4777 125.5745 125.6775 125.6403 125.6905 125.7833 125.8755 125.967 126.0577 125.613 125.702 125.693 125.7801 125.8667 125.9526 126.0378 126.1225 126.2066 126.2901 126.373 126.4555 126.5375 126.619 126.7002 126.7811 126.8617 126.9746 127.0546 127.1336 127.213 127.7219 127.8089 127.8962 127.9838 127.9657 128.0556 128.1457 128.2363 128.3273 129.3741 129.1077 129.5882 129.6906 129.7939 129.8981 130.0034 130.395 130.5621 130.6703 130.7801 130.8915 131.0046 131.1195 131.2356 131.3529 131.4723 131.6013 131.7251 131.8775 132.004 132.1329 132.2642 132.398
125.3891 125.4854 125.5811 125.5507 125.5996 125.692 125.7837 125.8747 125.436 125.5253 125.6141 125.6075 125.6947 125.7813 125.8673 125.9528 126.0377 126.122 126.2059 126.2893 126.3722 126.4547 126.5369 126.6187 126.7003 126.7816 126.8967 126.9779 127.0598 127.136 127.2174 127.7347 127.8231 127.7097 127.9078 127.9991 128.0908 128.1828 128.2753 129.3305 129.8154 129.5559 129.6602 129.7652 129.8712 129.9782 130.4356 130.544 130.6537 130.7649 130.8776 130.992 131.108 131.2259 131.3418 131.4621 131.5844 131.7164 131.843 131.9948 132.124 132.2555 132.3893
