data/raw_data/rasters/botm_new.txt
ncols         366
nrows         272
xllcorner     426898.75557905
yllcorner     6654736.6994117
cellsize      2
NODATA_value  -9999
[rows 0 to 27 of 272, columns 0 to 62 of 366]
126.6825 126.6833 126.6835 126.6834 126.6835 126.6836 126.6838 126.6842 126.6846 126.6851 126.6857 126.6865 126.6873 126.6883 126.6895 126.6907 126.6921 126.6936 126.6953 126.6971 126.6991 126.7012 126.7235 126.7816 126.8398 126.898 126.9719 127.0103 127.0132 127.0163 127.0196 127.0231 127.0268 127.0307 127.0349 127.0393 127.044 127.0489 127.054 127.0594 127.0651 127.071 127.0772 127.0836 127.0904 127.0975 127.1048 127.1125 127.1204 127.1287 127.1373 127.1462 127.1555 127.165 127.175 127.1852 127.1959 127.2069 127.2182 127.23 127.2421 127.2382 127.2194
126.6806 126.6814 126.6818 126.6817 126.6817 126.6818 126.6821 126.6824 126.6828 126.6833 126.6839 126.6846 126.6854 126.6864 126.6875 126.6887 126.6901 126.6916 126.6932 126.695 126.697 126.6991 126.7178 126.7674 126.8171 126.8814 126.9457 127.0076 127.0105 127.0135 127.0168 127.0203 127.024 127.028 127.0321 127.0365 127.0412 127.0461 127.0512 127.0566 127.0622 127.0682 127.0744 127.0808 127.0876 127.0947 127.102 127.1097 127.1176 127.1259 127.1345 127.1434 127.1527 127.1623 127.1722 127.1825 127.1932 127.2042 127.2156 127.2273 127.2394 127.2386 127.2251
126.6776 126.6775 126.6776 126.6775 126.6775 126.6776 126.6777 126.678 126.6783 126.6788 126.6793 126.68 126.6808 126.6817 126.6828 126.6839 126.6853 126.6867 126.6883 126.6901 126.692 126.6941 126.6963 126.7287 126.7912 126.8381 126.8988 126.973 127.0039 127.007 127.0102 127.0137 127.0174 127.0213 127.0254 127.0298 127.0345 127.0393 127.0445 127.0498 127.0555 127.0614 127.0676 127.0741 127.0808 127.0879 127.0953 127.1029 127.1109 127.1192 127.1278 127.1368 127.1461 127.1557 127.1656 127.176 127.1867 127.1977 127.2091 127.2209 127.2331 127.2456 127.246
126.6729 126.6727 126.6729 126.6727 126.6726 126.6726 126.6727 126.6729 126.6731 126.6735 126.674 126.6747 126.6754 126.6763 126.6773 126.6784 126.6797 126.6811 126.6826 126.6843 126.6862 126.6882 126.6904 126.7079 126.7403 126.8025 126.863 126.9235 126.9821 126.9993 127.0026 127.006 127.0097 127.0135 127.0177 127.022 127.0266 127.0315 127.0366 127.042 127.0476 127.0535 127.0597 127.0662 127.073 127.08 127.0874 127.0951 127.1031 127.1114 127.12 127.129 127.1383 127.1479 127.158 127.1683 127.179 127.1901 127.2016 127.2134 127.2256 127.2383 127.2513
126.668 126.6678 126.6679 126.6677 126.6675 126.6674 126.6675 126.6676 126.6678 126.6682 126.6686 126.6692 126.6698 126.6707 126.6716 126.6727 126.6739 126.6752 126.6767 126.6784 126.6802 126.6822 126.6843 126.6867 126.7042 126.7661 126.8126 126.8728 126.933 126.9915 126.9947 126.998 127.0017 127.0055 127.0096 127.014 127.0185 127.0234 127.0285 127.0338 127.0395 127.0454 127.0515 127.058 127.0648 127.0719 127.0792 127.0869 127.0949 127.1033 127.1119 127.1209 127.1302 127.1399 127.15 127.1603 127.1711 127.1822 127.1937 127.2056 127.2179 127.2305 127.2436
126.6036 126.6628 126.6628 126.6625 126.6623 126.6622 126.6621 126.6622 126.6623 126.6626 126.663 126.6635 126.6641 126.6649 126.6657 126.6667 126.6679 126.6692 126.6706 126.6722 126.674 126.6759 126.678 126.6803 126.6828 126.7149 126.7765 126.8228 126.8827 126.9428 126.9865 126.9898 126.9934 126.9973 127.0013 127.0056 127.0102 127.015 127.0201 127.0254 127.031 127.0369 127.0431 127.0496 127.0563 127.0634 127.0708 127.0785 127.0865 127.0948 127.1035 127.1125 127.1219 127.1316 127.1416 127.1521 127.1628 127.174 127.1855 127.1975 127.2098 127.2225 127.2356
126.4816 126.5547 126.6157 126.6572 126.6569 126.6567 126.6566 126.6566 126.6567 126.6569 126.6572 126.6576 126.6582 126.6589 126.6597 126.6607 126.6617 126.663 126.6644 126.6659 126.6676 126.6695 126.6716 126.6738 126.6762 126.6937 126.7257 126.7871 126.8332 126.8929 126.9507 126.9814 126.9849 126.9887 126.9928 126.997 127.0016 127.0063 127.0114 127.0167 127.0223 127.0282 127.0344 127.0408 127.0476 127.0547 127.062 127.0697 127.0778 127.0861 127.0948 127.1038 127.1132 127.1229 127.133 127.1435 127.1543 127.1655 127.177 127.189 127.2014 127.2141 127.2273
126.3569 126.3938 126.4793 126.5668 126.6096 126.6511 126.6509 126.6508 126.6509 126.651 126.6513 126.6516 126.6521 126.6527 126.6535 126.6544 126.6554 126.6566 126.6579 126.6594 126.661 126.6629 126.6649 126.6671 126.6694 126.672 126.6895 126.7367 126.7825 126.8418 126.9013 126.9589 126.9762 126.9799 126.9839 126.9882 126.9927 126.9974 127.0024 127.0077 127.0133 127.0192 127.0253 127.0318 127.0385 127.0456 127.053 127.0607 127.0687 127.0771 127.0858 127.0948 127.1042 127.1139 127.124 127.1345 127.1454 127.1566 127.1682 127.1802 127.1926 127.2054 127.2186
126.1739 126.2287 126.2963 126.3865 126.4737 126.5608 126.6036 126.6035 126.6449 126.645 126.6451 126.6454 126.6459 126.6464 126.6471 126.6479 126.6489 126.65 126.6513 126.6527 126.6543 126.6561 126.658 126.6601 126.6624 126.6649 126.6676 126.6852 126.7459 126.7916 126.8506 126.9098 126.9671 126.9708 126.9748 126.979 126.9835 126.9882 126.9932 126.9985 127.004 127.0099 127.016 127.0225 127.0292 127.0363 127.0436 127.0513 127.0593 127.0677 127.0764 127.0855 127.0949 127.1046 127.1147 127.1253 127.1361 127.1474 127.159 127.1711 127.1835 127.1964 127.2096
125.9869 126.0094 126.0646 126.2016 126.2914 126.3812 126.4254 126.5122 126.5548 126.5976 126.6388 126.6391 126.6394 126.6399 126.6405 126.6413 126.6422 126.6432 126.6444 126.6458 126.6473 126.649 126.6509 126.6529 126.6552 126.6576 126.6603 126.6631 126.6948 126.7552 126.8008 126.8595 126.9311 126.9615 126.9654 126.9696 126.974 126.9787 126.9837 126.9889 126.9944 127.0003 127.0064 127.0128 127.0195 127.0266 127.034 127.0416 127.0497 127.058 127.0667 127.0758 127.0852 127.095 127.1051 127.1156 127.1265 127.1378 127.1495 127.1616 127.174 127.1869 127.2002
125.796 125.8435 125.8755 125.9681 126.0607 126.1532 126.2426 126.3321 126.3761 126.4626 126.549 126.5916 126.6328 126.6332 126.6337 126.6344 126.6352 126.6362 126.6374 126.6386 126.6401 126.6418 126.6436 126.6456 126.6478 126.6501 126.6527 126.6555 126.673 126.7046 126.7647 126.8231 126.8816 126.9383 126.9557 126.9598 126.9642 126.9689 126.9738 126.979 126.9846 126.9904 126.9965 127.0029 127.0096 127.0166 127.024 127.0317 127.0397 127.048 127.0567 127.0658 127.0752 127.085 127.0952 127.1057 127.1166 127.1279 127.1396 127.1517 127.1642 127.1772 127.1905
125.7291 125.7293 125.73 125.8252 125.8723 125.9195 126.0117 126.1038 126.1929 126.282 126.371 126.4571 126.5431 126.5856 126.6268 126.6274 126.6281 126.629 126.6301 126.6313 126.6327 126.6343 126.636 126.638 126.6401 126.6424 126.645 126.6477 126.6506 126.6681 126.7279 126.7729 126.831 126.8893 126.9457 126.9498 126.9542 126.9588 126.9637 126.9689 126.9744 126.9801 126.9862 126.9926 126.9993 127.0063 127.0137 127.0213 127.0294 127.0377 127.0464 127.0555 127.0649 127.0747 127.0849 127.0954 127.1064 127.1177 127.1294 127.1415 127.1541 127.167 127.1804
125.7543 125.7255 125.7261 125.7267 125.7274 125.7759 125.8229 125.87 125.9618 126.0535 126.1885 126.2772 126.3659 126.4516 126.5373 126.5797 126.6208 126.6216 126.6226 126.6238 126.6251 126.6266 126.6283 126.6302 126.6322 126.6345 126.6369 126.6396 126.6425 126.6456 126.6769 126.7364 126.7812 126.8391 126.897 126.9395 126.9438 126.9484 126.9533 126.9584 126.9639 126.9696 126.9756 126.982 126.9887 126.9957 127.003 127.0107 127.0187 127.027 127.0358 127.0448 127.0542 127.0641 127.0742 127.0848 127.0957 127.1071 127.1188 127.131 127.1436 127.1565 127.1699
125.8073 125.7717 125.7426 125.7227 125.7233 125.724 125.7248 125.7257 125.8201 125.8671 125.9585 126.0499 126.1842 126.2725 126.3608 126.4462 126.5315 126.5739 126.5749 126.616 126.6173 126.6187 126.6203 126.6221 126.6241 126.6263 126.6287 126.6313 126.6341 126.6372 126.6546 126.6858 126.745 126.7897 126.8472 126.903 126.9332 126.9377 126.9425 126.9476 126.953 126.9588 126.9648 126.9711 126.9778 126.9847 126.9921 126.9997 127.0077 127.016 127.0247 127.0338 127.0432 127.0531 127.0632 127.0738 127.0848 127.0961 127.1079 127.1201 127.1327 127.1457 127.1591
125.8615 125.8435 125.8024 125.76 125.7191 125.7198 125.7205 125.7214 125.7223 125.7234 125.8174 125.8642 125.9553 126.0463 126.1799 126.2679 126.3559 126.3997 126.4847 126.527 126.5695 126.6106 126.6121 126.6138 126.6158 126.6179 126.6202 126.6228 126.6255 126.6285 126.6317 126.6492 126.6949 126.7392 126.7963 126.8536 126.9091 126.9267 126.9315 126.9365 126.9419 126.9476 126.9536 126.9599 126.9665 126.9735 126.9807 126.9884 126.9964 127.0047 127.0134 127.0225 127.0319 127.0417 127.0519 127.0625 127.0735 127.0848 127.0966 127.1088 127.1214 127.1344 127.1479
125.9438 125.9171 125.8846 125.8199 125.7777 125.7154 125.7161 125.7169 125.7178 125.7188 125.7199 125.7212 125.8148 125.8615 125.9522 126.0428 126.1334 126.221 126.3086 126.3524 126.4371 126.5218 126.5642 126.6053 126.6072 126.6092 126.6115 126.614 126.6167 126.6196 126.6228 126.6262 126.6437 126.7021 126.7463 126.8031 126.8601 126.9153 126.9201 126.9251 126.9305 126.9361 126.942 126.9483 126.9549 126.9618 126.9691 126.9767 126.9847 126.993 127.0017 127.0108 127.0202 127.03 127.0402 127.0508 127.0618 127.0732 127.0849 127.0972 127.1098 127.1228 127.1363
126.0279 126.0168 125.9688 125.9021 125.8377 125.7735 125.7316 125.7122 125.7131 125.714 125.7151 125.7163 125.7176 125.7191 125.8123 125.8589 125.9057 125.9959 126.0862 126.1734 126.2607 126.348 126.4323 126.5167 126.5592 126.6003 126.6025 126.6049 126.6076 126.6104 126.6135 126.6169 126.6204 126.6513 126.7094 126.7534 126.8099 126.8785 126.9084 126.9134 126.9187 126.9243 126.9302 126.9364 126.943 126.9499 126.9571 126.9647 126.9727 126.981 126.9897 126.9987 127.0081 127.0179 127.0281 127.0387 127.0497 127.0611 127.0729 127.0851 127.0978 127.1108 127.1243
126.1136 126.0903 126.0529 125.9863 125.9199 125.8537 125.7898 125.7482 125.7082 125.7091 125.7101 125.7113 125.7125 125.7139 125.7155 125.7172 125.7652 125.8118 125.8585 125.9483 126.0383 126.1699 126.2568 126.3438 126.4278 126.512 126.5545 126.5569 126.5982 126.601 126.604 126.6073 126.6108 126.6282 126.659 126.7168 126.7729 126.8291 126.8837 126.9013 126.9066 126.9121 126.918 126.9242 126.9307 126.9376 126.9448 126.9524 126.9603 126.9686 126.9773 126.9863 126.9957 127.0055 127.0157 127.0263 127.0373 127.0487 127.0605 127.0727 127.0854 127.0985 127.112
126.1387 126.1383 126.1156 126.047 126.002 125.9359 125.87 125.8065 125.7651 125.7041 125.705 125.7061 125.7073 125.7086 125.7101 125.7117 125.7135 125.7154 125.7175 125.8099 125.8565 125.946 126.0356 126.1665 126.2532 126.3398 126.3837 126.4676 126.5101 126.5528 126.5943 126.5975 126.6009 126.6046 126.6221 126.6794 126.7229 126.7787 126.8346 126.8889 126.8941 126.8996 126.9055 126.9116 126.9181 126.925 126.9321 126.9397 126.9476 126.9558 126.9645 126.9735 126.9829 126.9927 127.0029 127.0135 127.0245 127.0359 127.0477 127.0599 127.0726 127.0857 127.0992
126.1329 126.1324 126.1323 126.1091 126.0628 126.018 125.9522 125.8867 125.8235 125.7605 125.7196 125.7008 125.7019 125.7031 125.7045 125.7061 125.7077 125.7096 125.7116 125.7138 125.7162 125.8082 125.8547 125.9439 126.0332 126.1224 126.2087 126.2951 126.339 126.4226 126.5064 126.5492 126.5907 126.5944 126.5983 126.6288 126.6857 126.729 126.7845 126.8402 126.8813 126.8868 126.8926 126.8987 126.9052 126.912 126.9191 126.9266 126.9345 126.9427 126.9514 126.9604 126.9698 126.9795 126.9897 127.0003 127.0113 127.0227 127.0345 127.0468 127.0594 127.0725 127.0861
126.1269 126.1264 126.1263 126.1255 126.1249 126.0788 126.0342 125.9688 125.9036 125.8386 125.776 125.7354 125.6964 125.6975 125.6988 125.7003 125.7019 125.7037 125.7056 125.7077 125.71 125.7124 125.7151 125.8067 125.8532 125.8999 125.9888 126.0778 126.1638 126.2499 126.3361 126.4195 126.503 126.546 126.5877 126.6051 126.6355 126.6921 126.7353 126.7905 126.844 126.8736 126.8794 126.8854 126.8919 126.8986 126.9057 126.9132 126.9211 126.9293 126.9379 126.9469 126.9562 126.966 126.9762 126.9867 126.9977 127.0091 127.021 127.0332 127.0459 127.059 127.0726
126.1208 126.1202 126.12 126.1192 126.1185 126.1179 126.095 126.0276 125.9835 125.9187 125.8541 125.7918 125.7515 125.6918 125.693 125.6944 125.6959 125.6976 125.6994 125.7014 125.7036 125.706 125.7085 125.7113 125.7142 125.7622 125.8087 125.8554 125.944 126.0327 126.1618 126.2476 126.3336 126.4168 126.5002 126.5433 126.5983 126.6423 126.685 126.7397 126.7946 126.8479 126.8658 126.8718 126.8782 126.8849 126.892 126.8995 126.9073 126.9155 126.924 126.933 126.9423 126.9521 126.9622 126.9728 126.9838 126.9952 127.007 127.0192 127.0319 127.0451 127.0586
126.1146 126.1139 126.1137 126.1127 126.1119 126.1112 126.1105 126.0878 126.0423 125.9985 125.934 125.8698 125.8079 125.7463 125.687 125.6883 125.6897 125.6913 125.6931 125.695 125.6971 125.6994 125.7019 125.7045 125.7074 125.7104 125.7137 125.7172 125.8082 125.8549 125.9432 126.0316 126.1601 126.2458 126.3316 126.4146 126.4978 126.5541 126.61 126.6898 126.7442 126.7988 126.8519 126.8578 126.8642 126.8709 126.8779 126.8853 126.8931 126.9013 126.9098 126.9187 126.9281 126.9378 126.9479 126.9585 126.9694 126.9808 126.9926 127.0049 127.0176 127.0307 127.0443
126.1082 126.1075 126.1071 126.1061 126.1052 126.1043 126.1036 126.103 126.1025 126.0573 126.0137 125.9496 125.8858 125.8022 125.741 125.6821 125.6834 125.6849 125.6866 125.6884 125.6904 125.6926 125.695 125.6975 125.7003 125.7033 125.7064 125.7098 125.7134 125.7173 125.808 125.8547 125.9428 126.0309 126.1589 126.2444 126.33 126.3746 126.483 126.5769 126.6577 126.7488 126.8031 126.8435 126.8498 126.8564 126.8634 126.8708 126.8786 126.8867 126.8952 126.9041 126.9134 126.9231 126.9332 126.9437 126.9547 126.9661 126.9779 126.9901 127.0028 127.016 127.0296
126.1016 126.1009 126.1005 126.0993 126.0983 126.0973 126.0965 126.0958 126.0952 126.0947 126.0724 126.0064 125.9427 125.8793 125.7963 125.7355 125.677 125.6784 125.6799 125.6817 125.6836 125.6857 125.688 125.6904 125.6931 125.6959 125.699 125.7023 125.7058 125.7095 125.7135 125.7177 125.8081 125.855 125.9428 126.0307 126.1188 126.2041 126.3023 126.3721 126.505 126.6248 126.7167 126.8057 126.8351 126.8416 126.8486 126.8559 126.8636 126.8717 126.8802 126.8891 126.8984 126.908 126.9181 126.9286 126.9396 126.951 126.9628 126.975 126.9877 127.0008 127.0144
126.0949 126.0941 126.0937 126.0924 126.0913 126.0902 126.0893 126.0884 126.0877 126.0871 126.0867 126.0645 125.9989 125.9356 125.8726 125.7901 125.7297 125.6717 125.6731 125.6748 125.6766 125.6786 125.6807 125.6831 125.6857 125.6884 125.6914 125.6946 125.698 125.7016 125.7055 125.7096 125.714 125.7186 125.8087 125.8556 125.9027 125.9905 126.0784 126.1762 126.2993 126.4211 126.5515 126.682 126.7732 126.8265 126.8334 126.8407 126.8483 126.8564 126.8648 126.8737 126.8829 126.8926 126.9027 126.9131 126.9241 126.9354 126.9472 126.9594 126.9721 126.9853 126.9988
126.0881 126.0872 126.0867 126.0853 126.0841 126.0829 126.0818 126.0809 126.0801 126.0794 126.0788 126.0784 126.0564 125.9912 125.9283 125.8657 125.7838 125.7238 125.6662 125.6677 125.6694 125.6713 125.6734 125.6756 125.6781 125.6807 125.6836 125.6867 125.69 125.6935 125.6973 125.7013 125.7056 125.7101 125.7148 125.7198 125.7681 125.8152 125.8624 125.95 126.0502 126.2258 126.3469 126.4807 126.6105 126.74 126.783 126.7903 126.8327 126.8407 126.8491 126.8579 126.8671 126.8767 126.8868 126.8973 126.9081 126.9195 126.9313 126.9435 126.9562 126.9693 126.9829
126.0811 126.0802 126.0796 126.0781 126.0767 126.0755 126.0743 126.0732 126.0723 126.0715 126.0708 126.0702 126.0698 126.048 125.9832 125.9208 125.8586 125.7772 125.7177 125.6605 125.6621 125.6639 125.6659 125.668 125.6703 125.6729 125.6757 125.6786 125.6818 125.6853 125.6889 125.6928 125.6969 125.7013 125.706 125.7109 125.7161 125.7215 125.7272 125.8171 125.8645 125.9761 126.1135 126.2753 126.4083 126.5533 126.6226 126.7028 126.7462 126.79 126.8329 126.8417 126.8509 126.8605 126.8705 126.881 126.8918 126.9032 126.9149 126.9271 126.9398 126.9529 126.9665
