data/raw_data/rasters/botm.txt
ncols         366
nrows         272
xllcorner     426898.75557905
yllcorner     6654736.6994117
cellsize      2
NODATA_value  -9999
[rows 56 to 83 of 272, columns 63 to 125 of 366]
125.5486 125.8987 125.9086 125.9153 125.9261 125.9374 125.9491 125.9612 125.9738 125.9868 126.0002 126.0141 126.0284 126.0819 126.0954 126.1092 126.1235 126.1382 126.1533 126.1689 126.1849 126.2013 126.2181 126.2046 126.2277 126.2513 126.2754 126.3001 126.3252 126.3508 126.377 126.4037 126.4309 126.4585 126.4868 126.5155 126.5448 126.5745 126.6048 126.6366 126.6681 126.7001 126.7327 126.7657 126.7993 126.836 126.8707 126.906 126.9417 126.978 127.0148 127.0521 127.09 127.2379 127.2753 127.3131 127.4021 127.4448 127.4841 127.5267 127.5697 127.6132 127.6571
125.8643 125.8736 125.8796 125.8898 125.9005 125.9115 125.923 125.9349 125.9473 125.9601 125.9733 125.9869 126.001 126.0354 126.05 126.0797 126.0937 126.1081 126.123 126.1383 126.1539 126.1701 126.1557 126.178 126.2009 126.2242 126.2481 126.2724 126.2973 126.3227 126.3485 126.3749 126.4017 126.4291 126.457 126.4854 126.5143 126.5437 126.5737 126.6054 126.6365 126.6681 126.7002 126.7329 126.7687 126.8025 126.8368 126.8717 126.907 126.9428 126.9791 127.016 127.0533 127.0912 127.2378 127.2751 127.313 127.4077 127.4502 127.4879 127.5304 127.5733 127.6167
125.839 125.8445 125.8541 125.8641 125.8745 125.8854 125.8966 125.9083 125.9204 125.933 125.946 125.9594 125.9551 125.9634 126.0218 126.0366 126.0636 126.0777 126.0923 126.1073 126.1227 126.1074 126.129 126.1511 126.1737 126.1968 126.2204 126.2445 126.269 126.2941 126.3196 126.3457 126.3722 126.3993 126.4268 126.4549 126.4835 126.5125 126.5421 126.5722 126.6044 126.6356 126.6673 126.7023 126.7352 126.7686 126.8024 126.8368 126.8717 126.907 126.9429 126.9792 127.0161 127.0535 127.1998 127.2366 127.2739 127.364 127.4114 127.453 127.4903 127.5328 127.5756
125.8099 125.8189 125.8282 125.838 125.8483 125.8589 125.8699 125.8814 125.8933 125.9056 125.9184 125.9133 125.9209 125.937 125.9536 125.9706 126.0228 126.047 126.0613 126.076 126.0911 126.0806 126.102 126.1239 126.1462 126.169 126.1923 126.2161 126.2404 126.2651 126.2904 126.3161 126.3423 126.3691 126.3963 126.424 126.4522 126.4809 126.51 126.5397 126.5718 126.6026 126.634 126.6687 126.7012 126.7341 126.7675 126.8014 126.8358 126.8707 126.9061 126.9419 126.9783 127.0152 127.1612 127.1975 127.2844 127.3254 127.3668 127.413 127.4544 127.4914 127.5337
125.7842 125.7929 125.8021 125.8117 125.8038 125.8049 125.8217 125.8542 125.8659 125.878 125.8905 125.8791 125.8945 125.9104 125.9267 125.9435 125.9607 125.9784 126.0299 126.0444 126.0329 126.0536 126.0747 126.0963 126.1183 126.1409 126.1639 126.1874 126.2114 126.2358 126.2608 126.2862 126.3121 126.3384 126.3653 126.3926 126.4205 126.4488 126.4776 126.5069 126.5366 126.5692 126.6001 126.6347 126.6667 126.6992 126.7321 126.7655 126.7995 126.8339 126.8687 126.9041 126.9399 126.9763 127.0131 127.2058 127.2457 127.2862 127.327 127.3683 127.4132 127.4545 127.4911
125.7582 125.7668 125.7757 125.7851 125.7675 125.7792 125.7914 125.8079 125.8382 125.85 125.8378 125.8526 125.8678 125.8835 125.8996 125.9161 125.9331 125.9505 125.9683 125.9858 126.0058 126.0262 126.047 126.0684 126.0902 126.1124 126.1352 126.1584 126.182 126.2062 126.2308 126.2559 126.2814 126.3074 126.3339 126.3609 126.3884 126.4163 126.4447 126.4736 126.5053 126.5352 126.5656 126.5965 126.6317 126.6637 126.6962 126.7292 126.7626 126.7965 126.8309 126.8657 126.901 126.9368 127.0192 127.1671 127.2065 127.2463 127.2866 127.3273 127.3684 127.412 127.453
125.732 125.7403 125.7491 125.7306 125.7417 125.7533 125.7652 125.7776 125.7938 125.7971 125.8113 125.8258 125.8408 125.8563 125.8721 125.8884 125.9051 125.9223 125.9398 125.9579 125.9783 125.9985 126.0191 126.0401 126.0617 126.0836 126.1061 126.129 126.1524 126.1762 126.2004 126.2252 126.2504 126.2761 126.3022 126.3288 126.3559 126.3834 126.4114 126.4423 126.4713 126.5008 126.5308 126.5612 126.5921 126.6278 126.6598 126.6923 126.7252 126.7586 126.7925 126.8268 126.8616 126.9408 126.98 127.0198 127.1666 127.2059 127.2455 127.2856 127.3261 127.3671 127.4092
125.7055 125.7136 125.6943 125.7048 125.7157 125.7271 125.7388 125.751 125.7636 125.7737 125.7845 125.7988 125.8136 125.8288 125.8444 125.8605 125.8769 125.8938 125.9111 125.9289 125.947 125.9705 125.9908 126.0116 126.0329 126.0546 126.0767 126.0993 126.1223 126.1458 126.1698 126.1942 126.219 126.2443 126.2701 126.2963 126.323 126.3501 126.3802 126.4084 126.437 126.466 126.4955 126.5255 126.5559 126.5915 126.623 126.655 126.6874 126.7203 126.7536 126.7874 126.8634 126.9016 126.9402 126.9794 127.1262 127.1648 127.2039 127.2433 127.2832 127.3235 127.3642
125.6788 125.6586 125.6685 125.6788 125.6895 125.7006 125.7122 125.7241 125.7365 125.7493 125.7601 125.7716 125.7861 125.8011 125.8165 125.8323 125.8485 125.8651 125.8821 125.8996 125.9175 125.9358 125.9623 125.9828 126.0038 126.0252 126.047 126.0693 126.092 126.1152 126.1388 126.1628 126.1873 126.2123 126.2377 126.2635 126.2898 126.3191 126.3463 126.374 126.4022 126.4308 126.4598 126.4893 126.5193 126.5496 126.5858 126.6172 126.6491 126.6814 126.7142 126.787 126.8242 126.8618 126.8999 126.9384 127.0852 127.1232 127.1616 127.2004 127.2397 127.2793 127.3193
125.6235 125.6327 125.6424 125.6525 125.663 125.674 125.6853 125.6971 125.7092 125.7218 125.7347 125.7463 125.7584 125.7731 125.7883 125.8038 125.8198 125.8361 125.8529 125.8701 125.8877 125.9057 125.9241 125.9537 125.9744 125.9955 126.017 126.039 126.0614 126.0842 126.1075 126.1312 126.1553 126.1799 126.2049 126.2303 126.2589 126.2852 126.3121 126.3394 126.3671 126.3952 126.4238 126.4528 126.4822 126.5121 126.5481 126.579 126.6104 126.6422 126.7118 126.7479 126.7844 126.8215 126.859 126.8969 126.9353 127.0811 127.1188 127.157 127.1955 127.2344 127.2738
125.5976 125.6067 125.6162 125.6261 125.6364 125.6471 125.6582 125.6698 125.6817 125.6941 125.7068 125.7199 125.7321 125.7449 125.7598 125.7751 125.7908 125.8069 125.8234 125.8403 125.8576 125.8753 125.8934 125.9119 125.9448 125.9656 125.9868 126.0084 126.0305 126.053 126.0759 126.0992 126.123 126.1472 126.1718 126.1995 126.2251 126.2511 126.2775 126.3043 126.3316 126.3592 126.3873 126.4158 126.4448 126.4742 126.504 126.5404 126.5712 126.6377 126.6727 126.7082 126.7442 126.7806 126.8175 126.8548 126.8926 127.0384 127.0755 127.1129 127.1508 127.189 127.2276
125.2754 125.5804 125.5897 125.5994 125.6095 125.62 125.631 125.6423 125.654 125.6661 125.6786 125.6916 125.7049 125.7177 125.7312 125.7462 125.7617 125.7775 125.7937 125.8103 125.8274 125.8448 125.8625 125.8807 125.8993 125.9354 125.9563 125.9776 125.9993 126.0215 126.044 126.067 126.0904 126.1142 126.1412 126.1659 126.191 126.2166 126.2425 126.2689 126.2957 126.3229 126.3505 126.3785 126.407 126.4358 126.4651 126.5014 126.5647 126.5987 126.6332 126.6681 126.7035 126.7393 126.7755 126.8122 126.8493 126.9952 127.0316 127.0684 127.1055 127.143 127.1809
125.2543 125.2627 125.5631 125.5726 125.5825 125.5928 125.6035 125.6146 125.6261 125.638 125.6503 125.663 125.676 125.6895 125.703 125.7171 125.7323 125.7479 125.7638 125.7801 125.7969 125.814 125.8314 125.8493 125.8675 125.8861 125.9255 125.9465 125.9679 125.9897 126.0119 126.0345 126.0575 126.0837 126.1076 126.132 126.1567 126.1818 126.2073 126.2332 126.2595 126.2862 126.3134 126.3409 126.3688 126.3971 126.4259 126.4854 126.5259 126.5593 126.5932 126.6275 126.6622 126.6974 126.733 126.7691 126.8055 126.8424 126.9873 127.0233 127.0597 127.0965 127.1336
125.2331 125.2413 125.2498 125.5456 125.5553 125.5654 125.5759 125.5868 125.5981 125.6097 125.6218 125.6342 125.647 125.6602 125.6738 125.688 125.7028 125.718 125.7337 125.7497 125.7662 125.7829 125.8001 125.8176 125.8355 125.8538 125.8724 125.9151 125.9362 125.9576 125.9795 126.0017 126.0272 126.0503 126.0738 126.0977 126.122 126.1467 126.1717 126.1972 126.223 126.2493 126.2759 126.3029 126.3303 126.3581 126.4146 126.4464 126.4866 126.5195 126.5527 126.5864 126.6205 126.6551 126.69 126.7254 126.7612 126.7974 126.9424 126.9777 127.0134 127.0494 127.0857
125.2119 125.2199 125.2282 125.2368 125.5279 125.5378 125.5481 125.5588 125.5698 125.5813 125.5931 125.6053 125.6178 125.6308 125.6441 125.6578 125.6727 125.688 125.7034 125.7192 125.7353 125.7517 125.7686 125.7858 125.8033 125.8213 125.8395 125.8582 125.9043 125.9253 125.9468 125.9716 125.9939 126.0167 126.0398 126.0632 126.0871 126.1113 126.1359 126.1609 126.1862 126.212 126.2381 126.2646 126.2915 126.3449 126.3757 126.4069 126.4386 126.4792 126.5118 126.5449 126.5784 126.6123 126.6465 126.6812 126.7163 126.7518 126.8972 126.9317 126.9666 127.0018 127.0373
125.1905 125.1983 125.2064 125.2148 125.2234 125.5101 125.5202 125.5306 125.5414 125.5527 125.5642 125.5762 125.5885 125.6012 125.6142 125.6277 125.6414 125.657 125.673 125.6884 125.7042 125.7204 125.7369 125.7538 125.771 125.7885 125.8065 125.8247 125.8433 125.8928 125.9169 125.9385 125.9605 125.9828 126.0054 126.0285 126.0519 126.0757 126.0998 126.1243 126.1492 126.1744 126.2 126.226 126.2764 126.3062 126.3364 126.3671 126.3981 126.4386 126.4706 126.503 126.5358 126.569 126.6026 126.6366 126.671 126.7058 126.741 126.8852 126.9193 126.9537 126.9885
123.8985 125.1767 125.1846 125.1928 125.2012 125.2099 125.4921 125.5023 125.5129 125.5239 125.5353 125.547 125.559 125.5715 125.5843 125.5974 125.6109 125.6247 125.6409 125.6575 125.673 125.6888 125.705 125.7215 125.7384 125.7556 125.7732 125.7911 125.8093 125.8238 125.8746 125.9052 125.9267 125.9486 125.9709 125.9935 126.0165 126.0398 126.0635 126.0875 126.1118 126.1366 126.1617 126.2092 126.238 126.2672 126.2968 126.3269 126.3573 126.3881 126.4289 126.4607 126.4928 126.5254 126.5583 126.5916 126.6253 126.6593 126.6937 126.8383 126.8716 126.9052 126.9391
123.9107 123.9013 125.1627 125.1707 125.1789 125.1874 125.1962 125.4739 125.4843 125.495 125.5061 125.5176 125.5294 125.5416 125.5541 125.567 125.5802 125.5937 125.6076 125.6244 125.6416 125.6571 125.673 125.6892 125.7057 125.7226 125.7398 125.7573 125.7709 125.7888 125.8071 125.8613 125.8928 125.9143 125.9361 125.9583 125.9808 126.0037 126.0269 126.0504 126.0743 126.0985 126.1431 126.171 126.1992 126.2279 126.2569 126.2863 126.3162 126.3463 126.3869 126.418 126.4494 126.4813 126.5135 126.5461 126.579 126.6124 126.646 126.7994 126.8235 126.8563 126.8894
123.903 123.9123 123.9039 123.9266 123.9231 123.9195 123.9159 125.1823 125.4556 125.4661 125.4769 125.4882 125.4997 125.5116 125.5239 125.5365 125.5494 125.5627 125.5762 125.5901 125.6076 125.6253 125.6409 125.6567 125.6729 125.6894 125.7062 125.7189 125.7362 125.7537 125.7715 125.7897 125.8587 125.8798 125.9012 125.9229 125.945 125.9674 125.9901 126.0131 126.0365 126.0783 126.1052 126.1325 126.1602 126.1882 126.2167 126.2455 126.2747 126.3042 126.3341 126.3749 126.4057 126.4369 126.4684 126.5002 126.5324 126.565 126.5979 126.6312 126.7751 126.807 126.8392
123.9111 123.9175 123.9136 123.9061 123.9257 123.922 123.9183 123.9145 123.9106 125.437 125.4476 125.4586 125.4699 125.4816 125.4936 125.5059 125.5185 125.5315 125.5448 125.5583 125.5723 125.5903 125.6086 125.6241 125.6399 125.6561 125.668 125.6845 125.7013 125.7184 125.7359 125.7536 125.7716 125.8451 125.8661 125.8873 125.9089 125.9308 125.953 125.9756 126.0146 126.0406 126.067 126.0938 126.1208 126.1483 126.1761 126.2043 126.2329 126.2618 126.291 126.3315 126.3616 126.3921 126.4228 126.454 126.4854 126.5172 126.5494 126.5818 126.7355 126.7573 126.7886
123.9154 123.9128 123.9178 123.9145 123.9081 123.9245 123.9206 123.9167 123.9127 123.9087 124.8702 124.8753 124.8805 124.886 124.8918 124.8979 124.9041 124.9155 124.9235 124.9318 124.9403 124.9492 125.5725 125.5914 125.6069 125.618 125.6338 125.6499 125.6664 125.6831 125.7001 125.7174 125.7349 125.7528 125.8308 125.8516 125.8727 125.8941 125.9159 125.9522 125.9773 126.0028 126.0286 126.0547 126.0813 126.1081 126.1353 126.1629 126.1908 126.219 126.2476 126.2765 126.3172 126.3469 126.377 126.4073 126.438 126.4691 126.5004 126.5321 126.6867 126.7073 126.7377
123.929 123.9311 123.9282 123.9247 123.9152 123.9099 123.9228 123.9188 123.9147 123.9106 123.9064 123.892 123.8892 124.8677 124.8733 124.8791 124.8852 124.8915 124.9055 124.9136 124.9219 124.9306 124.9395 124.9527 125.5689 125.5841 125.5995 125.6153 125.6313 125.6476 125.6642 125.681 125.6981 125.7156 125.7332 125.8157 125.8363 125.8573 125.891 125.9152 125.9398 125.9647 125.9899 126.0155 126.0414 126.0677 126.0943 126.1212 126.1484 126.176 126.2039 126.2322 126.2725 126.3015 126.3308 126.3604 126.3903 126.4206 126.4511 126.482 126.6376 126.657 126.6864
123.9408 123.9368 123.9318 123.9287 123.9241 123.9155 123.9113 123.9208 123.9166 123.9124 123.9081 123.9038 123.8927 123.8898 123.8868 123.8839 124.8661 124.8722 124.8786 124.8952 124.9034 124.9118 124.9205 124.9261 124.94 125.5501 125.5652 125.5805 125.5961 125.612 125.6282 125.6446 125.6612 125.6782 125.6954 125.7228 125.7998 125.831 125.8544 125.8781 125.9021 125.9264 125.9511 125.9761 126.0014 126.027 126.053 126.0792 126.1058 126.1327 126.16 126.1875 126.2153 126.2558 126.2843 126.3131 126.3423 126.3717 126.4015 126.4315 126.5883 126.6168 126.6349
123.9437 123.9395 123.9353 123.9321 123.9288 123.9231 123.9155 123.9124 123.9184 123.9141 123.9097 123.9052 123.9008 123.893 123.89 123.887 123.884 123.881 123.8779 124.8654 124.8847 124.8929 124.8978 124.9063 124.9149 124.9296 125.5308 125.5457 125.5609 125.5764 125.5921 125.6081 125.6243 125.6407 125.6575 125.6744 125.6682 125.7947 125.8176 125.8407 125.8642 125.888 125.912 125.9364 125.9611 125.9862 126.0115 126.0371 126.063 126.0892 126.1158 126.1426 126.1697 126.2098 126.2375 126.2656 126.294 126.3226 126.3515 126.3807 126.4102 126.5663 126.5832
123.9464 123.9422 123.9379 123.9335 123.9321 123.9287 123.9217 123.9152 123.9131 123.9156 123.9111 123.9066 123.902 123.8973 123.8931 123.89 123.8869 123.8838 123.8806 123.8775 123.8744 123.8702 124.8781 124.8862 124.8947 124.9034 124.9188 125.5109 125.5257 125.5407 125.556 125.5715 125.5872 125.6032 125.6195 125.6032 125.6177 125.6439 125.7806 125.8032 125.8261 125.8493 125.8728 125.8966 125.9207 125.9451 125.9698 125.9947 126.02 126.0455 126.0714 126.0975 126.1238 126.1505 126.1906 126.2178 126.2454 126.2732 126.3013 126.3296 126.3582 126.5156 126.5424
123.9491 123.9447 123.9403 123.9358 123.9312 123.9317 123.9281 123.92 123.9145 123.9136 123.9125 123.9078 123.9031 123.8983 123.8936 123.8929 123.8897 123.8864 123.8832 123.88 123.8756 123.8722 123.8689 123.8803 123.8781 124.8827 124.8913 124.9076 125.4904 125.505 125.5198 125.5349 125.5502 125.5657 125.5501 125.5639 125.5779 125.5921 125.6187 125.7636 125.7879 125.8106 125.8335 125.8567 125.8801 125.9039 125.9279 125.9522 125.9768 126.0016 126.0267 126.0521 126.0778 126.1037 126.1433 126.1698 126.1966 126.2236 126.2508 126.2783 126.306 126.4647 126.4906
123.9516 123.9472 123.9426 123.938 123.9333 123.9285 123.931 123.9273 123.9178 123.9135 123.9137 123.9089 123.9041 123.8992 123.8943 123.8894 123.8923 123.889 123.8857 123.881 123.8775 123.874 123.8706 123.8672 123.8811 123.8788 123.8767 123.8745 124.896 125.4693 125.4837 125.4983 125.5131 125.6162 125.636 125.6562 125.6765 125.6971 125.5784 125.5927 125.7505 125.7733 125.7962 125.8166 125.8394 125.8625 125.8859 125.9095 125.9334 125.9576 125.982 126.0066 126.0315 126.0567 126.082 126.1216 126.1475 126.1737 126.2001 126.2267 126.2535 126.4137 126.4385
123.9541 123.9495 123.9449 123.9401 123.9353 123.9304 123.9254 123.9299 123.926 123.9153 123.9121 123.9135 123.9049 123.8999 123.8949 123.8899 123.8848 123.8914 123.8865 123.8829 123.8793 123.8757 123.8722 123.8687 123.8652 123.8816 123.8794 123.8771 123.8749 124.8839 125.4475 125.4617 125.5618 125.5809 125.6003 125.6199 125.6397 125.6598 125.6801 125.7124 125.7333 125.7366 125.759 125.7816 125.8045 125.8276 125.851 125.8667 125.8899 125.9134 125.937 125.961 125.9851 126.0095 126.0341 126.0732 126.0983 126.1236 126.1492 126.1749 126.2009 126.227 126.3864
