data/raw_data/rasters/botm_new.txt
ncols         366
nrows         272
xllcorner     426898.75557905
yllcorner     6654736.6994117
cellsize      2
NODATA_value  -9999
[rows 140 to 167 of 272, columns 252 to 314 of 366]
125.5577 125.6939 125.8299 125.9652 126.0906 126.1977 126.3076 126.3908 126.4986 126.5958 126.6733 126.7647 126.8687 126.9172 126.9638 126.9839 126.9832 126.9507 126.8574 126.7783 126.686 126.5833 126.4758 126.3718 126.2552 126.1319 126.0005 125.8669 125.7461 125.6295 125.5139 125.423 125.3534 125.305 125.3099 125.3891 125.4631 125.5791 125.7698 125.9249 126.0749 126.2093 126.3975 126.5697 126.7189 126.8534 126.9594 127.0144 127.0567 127.1166 127.2204 127.3489 127.4825 127.6543 127.8024 127.9523 128.1448 128.3874 128.6306 128.8724 129.2194 129.5829 129.9583
125.5323 125.664 125.795 125.9268 126.031 126.148 126.2521 126.3701 126.4752 126.5684 126.673 126.7622 126.8422 126.8992 126.9287 126.932 126.9199 126.8703 126.8017 126.7114 126.6223 126.5116 126.3991 126.2994 126.1805 126.0578 125.9387 125.7864 125.6437 125.5295 125.4115 125.3146 125.263 125.2235 125.2533 125.3231 125.4089 125.5959 125.7792 125.942 126.0593 126.2134 126.3813 126.5485 126.72 126.8564 126.9976 127.0948 127.147 127.1974 127.2739 127.3899 127.5219 127.6719 127.8288 127.9675 128.1225 128.3009 128.5405 128.7937 129.0454 129.3927 129.7801
125.5071 125.6336 125.761 125.8702 125.9816 126.0846 126.2001 126.3219 126.4322 126.5311 126.6327 126.7433 126.8089 126.8678 126.9005 126.8911 126.849 126.8059 126.7441 126.6603 126.5606 126.4578 126.3447 126.2361 126.1193 126.0126 125.8708 125.705 125.5759 125.4429 125.3223 125.2299 125.1972 125.179 125.1914 125.2554 125.4258 125.6039 125.8098 125.9606 126.1156 126.2456 126.3673 126.5276 126.7046 126.8829 127.0248 127.1366 127.2175 127.2759 127.3443 127.4309 127.5701 127.7146 127.8753 128.0369 128.1567 128.2967 128.4856 128.7203 128.9701 129.2185 129.5859
125.4816 125.6045 125.7116 125.818 125.9128 126.0242 126.1335 126.2429 126.3583 126.466 126.5888 126.6915 126.7767 126.816 126.8557 126.8464 126.8098 126.7532 126.6849 126.6112 126.51 126.392 126.2962 126.1845 126.0783 125.9529 125.8123 125.6592 125.5108 125.3637 125.2682 125.1831 125.1485 125.1429 125.156 125.2705 125.4294 125.6422 125.8275 126.004 126.1564 126.2678 126.377 126.4944 126.6933 126.8813 127.0589 127.1636 127.2575 127.3425 127.3968 127.4914 127.6068 127.7522 127.9056 128.0667 128.226 128.363 128.5126 128.6952 128.9505 129.2073 129.4538
125.471 125.5767 125.6946 125.7689 125.8686 125.9721 126.0756 126.1817 126.2873 126.4038 126.5349 126.6253 126.7141 126.7803 126.7812 126.7944 126.783 126.7219 126.6442 126.5551 126.4726 126.3661 126.2452 126.1554 126.0367 125.8992 125.7731 125.6185 125.4704 125.3314 125.2361 125.1692 125.1334 125.1138 125.1842 125.2999 125.4974 125.6703 125.8829 126.0579 126.1952 126.2703 126.3906 126.4976 126.6624 126.871 127.0446 127.1968 127.2965 127.388 127.4652 127.5652 127.6624 127.7845 127.9384 128.0834 128.2502 128.4294 128.5721 128.7426 128.953 129.205 129.4593
125.4502 125.5782 125.6709 125.7494 125.8305 125.9225 126.035 126.12 126.2209 126.3521 126.4733 126.56 126.6428 126.7018 126.7657 126.7722 126.7526 126.7163 126.6312 126.5445 126.4516 126.3413 126.2302 126.1128 125.9975 125.8538 125.7158 125.5903 125.4325 125.3032 125.2291 125.1641 125.105 125.1454 125.2167 125.3711 125.544 125.7378 125.9546 126.112 126.228 126.3158 126.4186 126.5413 126.6981 126.8712 127.0442 127.2209 127.3438 127.4247 127.5152 127.6122 127.6954 127.8143 127.9878 128.1435 128.2948 128.4589 128.6596 128.8216 128.9975 129.1989 129.471
125.4716 125.574 125.6691 125.7278 125.8023 125.8881 125.9806 126.0784 126.2156 126.343 126.4482 126.5315 126.6054 126.699 126.7353 126.7565 126.7405 126.7083 126.6308 126.545 126.4401 126.3285 126.2108 126.0876 125.9583 125.8254 125.6872 125.5515 125.408 125.3032 125.2212 125.1599 125.1454 125.1875 125.2959 125.4171 125.6036 125.8278 126.0145 126.152 126.29 126.3856 126.4888 126.588 126.7441 126.9231 127.1044 127.2726 127.4181 127.5164 127.5882 127.6514 127.7264 127.8401 128.0014 128.1698 128.31 128.467 128.6882 128.9059 129.0722 129.2628 129.4816
125.4883 125.593 125.6667 125.727 125.8061 125.8655 125.9659 126.1008 126.2396 126.3589 126.4475 126.526 126.6132 126.6697 126.707 126.7364 126.7316 126.6913 126.6275 126.5427 126.4358 126.3279 126.2012 126.0692 125.9318 125.8029 125.6617 125.5229 125.3997 125.2894 125.2232 125.2072 125.207 125.2606 125.3648 125.501 125.6788 125.8864 126.0746 126.2317 126.3793 126.4965 126.5995 126.6876 126.8093 126.9861 127.1727 127.3283 127.4846 127.6056 127.6875 127.7312 127.8097 127.893 128.0311 128.1663 128.3435 128.5241 128.7445 128.9569 129.1653 129.3462 129.5401
125.5289 125.6157 125.6893 125.7475 125.8058 125.8651 126.0048 126.1441 126.2689 126.3657 126.4488 126.5579 126.6157 126.662 126.6914 126.7225 126.7218 126.6755 126.6043 126.5341 126.4332 126.3183 126.204 126.0518 125.8922 125.7665 125.6355 125.5081 125.3959 125.3083 125.2812 125.2703 125.3128 125.3742 125.4457 125.6085 125.7625 125.9342 126.1256 126.3118 126.478 126.6098 126.7108 126.8014 126.9075 127.0528 127.2482 127.4027 127.5459 127.6342 127.6951 127.7677 127.8704 127.9696 128.0784 128.2467 128.4238 128.5931 128.8138 128.9993 129.218 129.4398 129.6088
125.5594 125.643 125.7286 125.759 125.8037 125.9049 126.0525 126.1819 126.2823 126.3726 126.4931 126.5675 126.622 126.6624 126.6977 126.7175 126.6906 126.6281 126.5812 126.499 126.4103 126.3074 126.1745 126.0061 125.843 125.7142 125.6031 125.5023 125.4189 125.3969 125.3754 125.4165 125.4422 125.5119 125.6118 125.7034 125.8483 126.0033 126.18 126.3776 126.5689 126.6975 126.8202 126.9081 127.0115 127.1405 127.3235 127.4785 127.6128 127.6378 127.6922 127.7871 127.9525 128.0233 128.0998 128.3823 128.5453 128.7049 128.9122 129.0959 129.2854 129.4934 129.7045
125.5936 125.6863 125.7471 125.7604 125.8485 125.9529 126.0982 126.2012 126.2979 126.4281 126.5128 126.578 126.6294 126.6745 126.7065 126.6908 126.639 126.5942 126.5408 126.4655 126.3852 126.2723 126.107 125.9343 125.7879 125.6637 125.5674 125.501 125.5184 125.5053 125.5355 125.5594 125.6388 125.68 125.7524 125.8377 125.9287 126.0854 126.2527 126.4411 126.6436 126.7916 126.9121 127.0243 127.1229 127.255 127.4048 127.5327 127.5953 127.6782 127.7072 127.7678 127.8959 128.0307 128.1943 128.5097 128.7108 128.8693 129.0589 129.2023 129.391 129.5831 129.7954
125.6409 125.7116 125.752 125.8106 125.903 126.0075 126.124 126.225 126.3631 126.4568 126.5315 126.5916 126.6467 126.6896 126.6812 126.6406 126.6106 126.5631 126.5045 126.4345 126.3575 126.2146 126.0241 125.8588 125.7267 125.6158 125.557 125.5817 125.6247 125.6689 125.6942 125.7575 125.8135 125.8485 125.8852 125.9684 126.0564 126.1577 126.337 126.519 126.7152 126.8741 127.0224 127.1335 127.2446 127.3542 127.4952 127.5762 127.6823 127.733 127.7495 127.8051 127.9248 128.1081 128.3117 128.6801 128.8918 129.0621 129.2819 129.3579 129.5044 129.6974 129.8925
125.6679 125.7186 125.7956 125.8687 125.9689 126.0431 126.1553 126.2983 126.3996 126.4824 126.5504 126.6132 126.6653 126.665 126.6348 126.6137 126.5845 126.5409 126.4839 126.4103 126.3182 126.1527 125.9634 125.7884 125.6641 125.5743 125.6155 125.6783 125.7774 125.8301 125.8851 125.9422 125.9981 125.9872 126.0388 126.091 126.1849 126.2867 126.4041 126.6077 126.8009 126.9764 127.1306 127.2502 127.3726 127.4825 127.578 127.6623 127.7703 127.8172 127.8434 127.8878 127.9999 128.2238 128.4469 128.834 129.0952 129.2849 129.5383 129.5927 129.6683 129.8174 130.0141
125.6723 125.7526 125.8445 125.9306 126.0134 126.0867 126.2348 126.3424 126.4323 126.5056 126.5764 126.6353 126.6407 126.6203 126.612 126.5917 126.5617 126.5202 126.4602 126.3949 126.2567 126.089 125.9151 125.7603 125.6349 125.6171 125.7062 125.8091 125.9196 126.0138 126.0996 126.0862 126.1267 126.1759 126.1689 126.2292 126.2999 126.4148 126.537 126.6691 126.8935 127.079 127.2458 127.3751 127.5028 127.623 127.7091 127.7505 127.8164 127.9085 127.9367 127.9789 128.1041 128.3473 128.6058 129.0327 129.3303 129.5338 129.7899 129.8609 129.9138 129.9888 130.1402
125.6927 125.7873 125.8935 125.9686 126.05 126.1718 126.2842 126.3796 126.4586 126.5351 126.5998 126.6137 126.6037 126.6011 126.5918 126.5764 126.5461 126.4972 126.4456 126.3468 126.1956 126.0371 125.8835 125.7616 125.6887 125.74 125.8247 125.941 126.0736 126.1912 126.2416 126.2516 126.2495 126.3006 126.3421 126.3489 126.4408 126.5296 126.6642 126.8033 126.9524 127.1897 127.3551 127.5072 127.6433 127.7674 127.8188 127.8619 127.9179 127.965 128.0515 128.0995 128.2476 128.5237 128.8249 129.2279 129.5707 129.8734 130.0541 130.135 130.1893 130.2441 130.3186
125.7136 125.8227 125.9218 125.9958 126.1235 126.2251 126.3246 126.4079 126.4892 126.5606 126.5842 126.5838 126.5876 126.5885 126.5802 126.5625 126.5238 126.4858 126.3922 126.2931 126.1477 126.0057 125.9089 125.8451 125.8002 125.8668 125.98 126.0888 126.2442 126.3203 126.388 126.4014 126.4203 126.4148 126.4718 126.5277 126.5631 126.67 126.7767 126.9281 127.0829 127.2452 127.4593 127.6139 127.7485 127.8804 127.9296 127.9694 127.9825 128.0591 128.14 128.228 128.3883 128.6786 128.9646 129.4677 129.8396 130.1836 130.3375 130.4072 130.4854 130.5261 130.58
125.7364 125.8441 125.9412 126.06 126.1708 126.2742 126.3538 126.4386 126.5176 126.5504 126.5608 126.5741 126.581 126.5839 126.5724 126.5448 126.5161 126.4279 126.3325 126.2309 126.1015 126.0248 126.0054 125.9673 125.9512 126.0171 126.1231 126.2612 126.3726 126.4617 126.5286 126.5798 126.5817 126.5987 126.5954 126.6693 126.7468 126.7984 126.9182 127.0458 127.207 127.3765 127.5163 127.7125 127.8204 127.9604 128.0239 128.0372 128.0538 128.1715 128.25 128.3601 128.5482 128.8141 129.095 129.6324 130.0469 130.4464 130.5972 130.7014 130.768 130.8411 130.8508
125.7667 125.8715 125.997 126.1126 126.2237 126.3142 126.3907 126.4685 126.512 126.5302 126.5537 126.5716 126.5829 126.5793 126.5615 126.5372 126.4545 126.3631 126.2637 126.173 126.0982 126.1275 126.1388 126.129 126.1566 126.2023 126.3002 126.4023 126.5056 126.5999 126.6779 126.7365 126.7691 126.7801 126.7999 126.8019 126.8921 126.9908 127.0579 127.1904 127.3277 127.4824 127.6412 127.7764 127.9152 128.0032 128.066 128.111 128.1569 128.259 128.3496 128.6241 128.8157 129.0071 129.3786 129.7896 130.293 130.5885 130.7987 130.9706 131.0692 131.1243 131.1145
125.8116 125.9316 126.0542 126.1718 126.2685 126.3534 126.4323 126.4724 126.4929 126.5235 126.5548 126.5741 126.5814 126.5694 126.5543 126.4724 126.3854 126.2887 126.2022 126.1511 126.1816 126.2708 126.2808 126.2963 126.3633 126.4166 126.4325 126.5304 126.6412 126.7408 126.82 126.9002 126.9435 126.9825 126.9935 127.0177 127.0257 127.154 127.2613 127.3337 127.46 127.6089 127.7464 127.8584 127.9714 128.0496 128.0994 128.1656 128.231 128.3714 128.537 128.8636 129.0286 129.3435 129.6475 130.1469 130.4602 130.7677 130.9679 131.1784 131.3456 131.3846 131.3531
125.8752 125.9962 126.1147 126.2201 126.3099 126.395 126.4448 126.4683 126.4925 126.5257 126.5544 126.5685 126.5717 126.5575 126.4819 126.3997 126.3059 126.2245 126.1763 126.2188 126.31 126.4257 126.4662 126.5157 126.5462 126.5686 126.5926 126.6822 126.7732 126.8759 126.9719 127.0726 127.135 127.1774 127.2075 127.2334 127.2625 127.3106 127.4429 127.5394 127.6131 127.741 127.8488 127.9262 128.0334 128.0847 128.1475 128.2228 128.3955 128.5733 128.8026 129.1174 129.2718 129.6035 129.9458 130.3656 130.6785 130.9345 131.1437 131.3625 131.505 131.6122 131.6091
125.939 126.0491 126.1566 126.2563 126.3465 126.4046 126.4441 126.4603 126.4856 126.528 126.5504 126.5563 126.5517 126.4841 126.4062 126.3157 126.2401 126.1952 126.243 126.3352 126.4804 126.597 126.6653 126.7153 126.6903 126.6996 126.7555 126.8327 126.9148 127.0113 127.1246 127.2353 127.3288 127.3884 127.4266 127.4693 127.5152 127.5809 127.6728 127.7901 127.857 127.8943 127.9976 128.0458 128.1301 128.2665 128.254 128.3658 128.6251 128.7425 129.0041 129.3417 129.5136 129.8495 130.339 130.5826 130.9019 131.1079 131.3281 131.4952 131.655 131.7637 131.8517
125.9854 126.087 126.1815 126.2665 126.3466 126.3958 126.4151 126.4328 126.4745 126.5122 126.5335 126.5385 126.4766 126.4059 126.3188 126.2489 126.2076 126.2613 126.3583 126.5065 126.674 126.7765 126.8404 126.8533 126.8187 126.8291 126.91 126.9892 127.0751 127.1744 127.2865 127.4113 127.5122 127.6038 127.6751 127.7145 127.7641 127.7655 127.8373 127.9099 128.0299 128.06 128.1868 128.2377 128.2663 128.3258 128.3788 128.5663 128.912 129.0301 129.2559 129.4901 129.8486 130.2488 130.7068 130.8946 131.0783 131.3074 131.4795 131.6428 131.7758 131.9196 132.0257
126.0075 126.0948 126.1739 126.2524 126.3131 126.3511 126.3588 126.4178 126.4595 126.4839 126.507 126.47 126.398 126.3146 126.2519 126.2141 126.2733 126.3753 126.527 126.6963 126.8806 126.9695 126.9811 126.9548 126.973 126.9807 127.0629 127.1466 127.2467 127.3554 127.4697 127.5858 127.695 127.8053 127.8791 127.88 127.9039 127.9509 128.012 127.974 128.1098 128.1907 128.4022 128.4772 128.4509 128.4753 128.5449 128.7656 129.0761 129.1852 129.4604 129.8047 130.1798 130.733 130.8946 131.0783 131.289 131.4711 131.6461 131.7836 131.927 132.057 132.1793
125.9998 126.0713 126.1488 126.2097 126.2581 126.2796 126.3356 126.3853 126.4231 126.4601 126.4451 126.4033 126.3179 126.2481 126.2152 126.2772 126.3831 126.5402 126.7115 126.9005 127.0699 127.1035 127.0991 127.0874 127.1008 127.1289 127.2215 127.3205 127.4254 127.5364 127.6507 127.7519 127.8746 127.962 128.0377 128.0213 128.0761 128.1301 128.1316 128.143 128.2822 128.3637 128.5368 128.7081 128.6638 128.7281 128.7689 128.9981 129.2209 129.3297 129.6843 130.1282 130.6537 130.8971 131.0624 131.2759 131.4688 131.6534 131.8006 131.9526 132.0868 132.2011 132.3311
125.9739 126.0408 126.1155 126.1637 126.1973 126.2423 126.2955 126.3446 126.4005 126.3951 126.3801 126.3253 126.2668 126.2324 126.2719 126.3817 126.5437 126.7211 126.9139 127.1116 127.1979 127.204 127.2307 127.2086 127.2252 127.2928 127.3895 127.4931 127.6014 127.7151 127.7993 127.9148 128.0176 128.0518 128.0582 128.0811 128.1759 128.2013 128.1893 128.2327 128.3081 128.4863 128.5917 128.8216 128.8756 128.8661 128.9692 129.1629 129.3837 129.6327 129.9975 130.4874 130.801 131.1264 131.3403 131.5023 131.6712 131.8254 131.9843 132.1269 132.2444 132.3699 132.5081
125.9522 126.0197 126.0803 126.1156 126.1661 126.2233 126.2917 126.335 126.3471 126.367 126.324 126.2739 126.2545 126.3089 126.4053 126.5343 126.7212 126.92 127.12 127.2558 127.2905 127.3146 127.3262 127.3305 127.3615 127.4577 127.5589 127.6653 127.7768 127.8874 127.9614 128.0485 128.0703 128.1417 128.1418 128.1611 128.1594 128.2283 128.2153 128.285 128.475 128.5607 128.6485 128.8548 129.029 129.0785 129.2265 129.3854 129.7067 129.9162 130.3216 130.6616 131.0399 131.342 131.5971 131.7601 131.8905 132.0309 132.1802 132.2939 132.4201 132.5592 132.6901
125.9435 126.0062 126.0542 126.1031 126.171 126.2269 126.2933 126.3032 126.3293 126.3042 126.2695 126.2637 126.3401 126.4551 126.591 126.7413 126.9106 127.1261 127.269 127.3733 127.4212 127.4351 127.4317 127.4681 127.5197 127.6151 127.7212 127.8317 127.9326 128.017 128.0959 128.1293 128.1438 128.1688 128.2006 128.2126 128.1833 128.2157 128.2662 128.4045 128.4986 128.5773 128.6903 128.8867 129.0972 129.2622 129.4054 129.6173 129.8744 130.2237 130.5668 130.8626 131.1811 131.5221 131.7792 132.0137 132.145 132.274 132.3627 132.4864 132.6154 132.7471 132.8808
125.939 126.0011 126.0401 126.1101 126.1783 126.2439 126.2509 126.2745 126.2499 126.2292 126.2409 126.353 126.4822 126.644 126.8019 126.9674 127.1398 127.2721 127.4042 127.5029 127.5315 127.5579 127.5642 127.6049 127.6823 127.7876 127.8942 127.9926 128.0676 128.1465 128.1773 128.1694 128.2027 128.2152 128.2538 128.2728 128.262 128.3224 128.3676 128.4291 128.5246 128.6413 128.7882 128.9079 129.1337 129.3418 129.4703 129.5898 129.8454 130.2482 130.6404 130.888 131.2782 131.6317 131.9412 132.176 132.4222 132.5 132.5859 132.6908 132.8226 132.9457 133.0731
