data/raw_data/rasters/lyr1_top_new_new_new.txt
ncols         372
nrows         289
xllcorner     426897.599538
yllcorner     6654704.081442
cellsize      2
NODATA_value  -9999
[rows 140 to 167 of 289, columns 63 to 125 of 372]
136.575 136.5934 136.6211 136.6579 136.7033 136.7559 136.813 136.8718 136.9299 136.9858 137.0395 137.0914 137.1428 137.1966 137.2568 137.3267 137.4068 137.4937 137.5821 137.6708 137.7635 137.8651 137.9768 138.0939 138.2083 138.3142 138.4138 138.5175 138.6402 138.7938 138.9829 139.2054 139.4516 139.7024 139.9324 140.1175 140.2418 140.3037 140.3146 140.2907 140.2471 140.1931 140.1333 140.0706 140.0102 139.9594 139.9266 139.919 139.9447 140.0121 140.1259 140.283 140.4675 140.6528 140.8117 140.9265 140.9906 141.0014 140.9515 140.8269 140.6159 140.3236 139.9768
136.274 136.3022 136.3397 136.3847 136.4367 136.4951 136.5586 136.6255 136.6945 136.7645 136.8343 136.9034 136.973 137.0458 137.1256 137.2153 137.3141 137.4164 137.5147 137.6054 137.6896 137.771 137.852 137.9314 138.0062 138.0764 138.1494 138.2396 138.3627 138.5305 138.7456 139.0013 139.2821 139.5649 139.8217 140.0265 140.1639 140.2333 140.2479 140.226 140.1831 140.1275 140.0623 139.9893 139.9132 139.8424 139.7881 139.7624 139.7784 139.848 139.9772 140.1604 140.3755 140.5896 140.7708 140.9005 140.9738 140.9904 140.9424 140.8116 140.5804 140.2516 139.8564
136.0167 136.0584 136.1078 136.1631 136.2234 136.2893 136.3603 136.4362 136.5162 136.599 136.683 136.7674 136.8528 136.9414 137.0365 137.1402 137.2504 137.3604 137.4623 137.5509 137.6261 137.6919 137.7519 137.8077 137.8595 137.9106 137.9709 138.0557 138.1805 138.3561 138.5846 138.8569 139.1544 139.4518 139.72 139.9331 140.0761 140.1495 140.1675 140.1496 140.1109 140.058 139.9918 139.913 139.8253 139.7373 139.6628 139.6187 139.6234 139.693 139.8353 140.0418 140.2852 140.5262 140.7284 140.8721 140.9542 140.9764 140.9309 140.7959 140.5487 140.1882 139.7478
135.8289 135.884 135.9442 136.0084 136.0765 136.149 136.2268 136.3101 136.3984 136.4902 136.5838 136.6781 136.7732 136.871 136.9741 137.0835 137.1966 137.3072 137.4077 137.4926 137.5615 137.6183 137.6679 137.7133 137.7567 137.8026 137.8606 137.9451 138.0703 138.2465 138.4754 138.7485 139.0469 139.3451 139.614 139.8279 139.9726 140.0493 140.0723 140.061 140.0297 139.9833 139.9209 139.841 139.7461 139.6449 139.5529 139.4912 139.4834 139.5504 139.7018 139.9277 140.1957 140.4611 140.6833 140.8407 140.9315 140.9599 140.9177 140.7808 140.5221 140.1359 139.6548
135.7085 135.774 135.8416 135.9116 135.9846 136.0617 136.1438 136.2317 136.3245 136.4205 136.5179 136.6157 136.7138 136.8136 136.9172 137.025 137.1347 137.2412 137.3382 137.4205 137.4874 137.5423 137.5903 137.6349 137.6794 137.728 137.7888 137.874 137.9967 138.1667 138.3864 138.6488 138.9375 139.2283 139.4925 139.7043 139.8499 139.931 139.9616 139.9596 139.9384 139.9017 139.8467 139.7699 139.6724 139.5626 139.457 139.3797 139.3594 139.4213 139.5779 139.8182 140.1066 140.3936 140.6347 140.8059 140.9062 140.941 140.9031 140.7669 140.5012 140.0953 139.5796
135.6377 135.7097 135.7816 135.8545 135.9298 136.0091 136.0932 136.1822 136.2753 136.3708 136.4671 136.5633 136.659 136.7553 136.8537 136.9548 137.0574 137.1577 137.2507 137.3324 137.4014 137.4601 137.5125 137.5623 137.6127 137.6672 137.732 137.8172 137.9344 138.0934 138.2979 138.5436 138.8168 139.0951 139.3511 139.5598 139.7071 139.7948 139.8356 139.8456 139.8366 139.8114 139.766 139.6954 139.5993 139.4853 139.3705 139.281 139.2491 139.3047 139.4629 139.7131 140.0178 140.3238 140.5828 140.7683 140.8785 140.9201 140.8875 140.7543 140.4859 140.0664 139.5234
135.5967 135.6731 135.7479 135.8227 135.8995 135.9796 136.0634 136.1508 136.241 136.3327 136.4247 136.516 136.6063 136.6957 136.7855 136.8772 136.9706 137.0638 137.153 137.235 137.3083 137.3737 137.4336 137.4914 137.5496 137.6109 137.68 137.7646 137.875 138.0206 138.207 138.4326 138.6863 138.9479 139.1924 139.3966 139.5466 139.6425 139.6957 139.7199 139.7245 139.7114 139.676 139.6128 139.5209 139.4067 139.2868 139.1888 139.1477 139.1968 139.3543 139.611 139.9285 140.2514 140.5278 140.7281 140.849 140.898 140.8715 140.7436 140.4766 140.0497 139.4861
135.5716 135.6532 135.7312 135.8084 135.8868 135.9671 136.0494 136.1334 136.2188 136.3049 136.391 136.4761 136.5596 136.6413 136.7219 136.8034 136.8872 136.9729 137.0582 137.1405 137.2178 137.29 137.3581 137.4241 137.4902 137.5581 137.6313 137.7157 137.8198 137.9523 138.1198 138.3233 138.5544 138.7957 139.0255 139.2231 139.375 139.4799 139.5466 139.5857 139.604 139.6021 139.5756 139.5195 139.4327 139.3207 139.1993 139.0963 139.0487 139.0924 139.2483 139.5091 139.8371 140.1755 140.4693 140.6853 140.818 140.8754 140.856 140.7352 140.4735 140.0448 139.4668
135.5487 135.6394 135.7223 135.8024 135.8825 135.9628 136.0431 136.1232 136.2034 136.2839 136.3643 136.4438 136.5213 136.5965 136.6697 136.7427 136.8178 136.8966 136.978 137.0598 137.1399 137.2171 137.2917 137.3645 137.437 137.5107 137.5877 137.6723 137.7714 137.8927 138.0429 138.2241 138.4308 138.6495 138.8618 139.0499 139.2017 139.3148 139.3944 139.4472 139.4772 139.4839 139.4639 139.4134 139.3313 139.2225 139.1018 138.997 138.9456 138.9852 139.139 139.4026 139.74 140.0937 140.4059 140.6393 140.7854 140.8524 140.8413 140.7294 140.4759 140.0503 139.4635
135.5094 135.6157 135.7078 135.7923 135.8742 135.9546 136.0332 136.11 136.1862 136.2625 136.3393 136.4156 136.4899 136.5612 136.6297 136.6972 136.7663 136.8394 136.9172 136.9977 137.0788 137.1588 137.2375 137.3151 137.3921 137.4698 137.5497 137.6346 137.7298 137.8418 137.9767 138.137 138.3195 138.5145 138.7075 138.8838 139.0332 139.1523 139.2422 139.3056 139.3439 139.3561 139.3399 139.2927 139.2141 139.1086 138.9902 138.8858 138.8325 138.8689 139.0205 139.2861 139.6324 140.0022 140.3347 140.5882 140.7503 140.8288 140.8272 140.7255 140.4826 140.0634 139.4726
135.4357 135.5641 135.6729 135.7669 135.8526 135.9336 136.0112 136.0862 136.1603 136.235 136.3109 136.387 136.4612 136.5318 136.5985 136.6633 136.729 136.7986 136.8732 136.9521 137.0331 137.1145 137.1955 137.2757 137.3554 137.4353 137.5162 137.6002 137.6908 137.7935 137.9133 138.0534 138.2122 138.3836 138.5567 138.7204 138.8659 138.9882 139.0853 139.1563 139.2 139.2153 139.2008 139.1555 139.0796 138.9775 138.8625 138.7601 138.7062 138.7396 138.8882 139.155 139.5101 139.8974 140.2532 140.5302 140.7115 140.8038 140.8127 140.7211 140.488 140.0757 139.4852
135.3218 135.4739 135.6069 135.719 135.8143 135.8984 135.9761 136.0506 136.1245 136.1997 136.2768 136.3546 136.4307 136.5027 136.57 136.6345 136.6994 136.7675 136.8403 136.9178 136.9985 137.0806 137.163 137.2447 137.3255 137.4052 137.4843 137.5638 137.6463 137.7358 137.8374 137.9549 138.089 138.2362 138.3897 138.5411 138.6823 138.807 138.9102 138.9879 139.0369 139.0553 139.0428 138.9996 138.9271 138.8295 138.7194 138.6203 138.5667 138.5969 138.7415 139.0081 139.3718 139.7781 140.1602 140.4643 140.6674 140.7742 140.7914 140.7043 140.4747 140.0681 139.4845
135.1783 135.3481 135.507 135.6451 135.7589 135.8522 135.9326 136.0077 136.0824 136.1591 136.2382 136.318 136.3961 136.4702 136.5396 136.6059 136.6721 136.741 136.8139 136.891 136.9718 137.0547 137.138 137.2202 137.3001 137.3767 137.4493 137.5181 137.5849 137.6537 137.73 137.8193 137.9245 138.0455 138.1787 138.3181 138.4561 138.5847 138.6961 138.7834 138.8411 138.8665 138.8598 138.8224 138.7563 138.666 138.563 138.4691 138.4167 138.4438 138.5833 138.8484 139.2199 139.6457 140.0556 140.3872 140.6102 140.7259 140.7415 140.646 140.4116 140.0118 139.4462
135.0264 135.2001 135.3778 135.5425 135.6821 135.7935 135.8829 135.9611 136.0371 136.1152 136.1959 136.277 136.3564 136.4323 136.5045 136.5744 136.6447 136.7171 136.7926 136.8715 136.9534 137.0369 137.1202 137.2009 137.2767 137.3451 137.4041 137.4529 137.4935 137.5311 137.5727 137.6257 137.6964 137.7877 137.899 138.026 138.1617 138.2966 138.4201 138.5223 138.5955 138.6357 138.6427 138.6181 138.5644 138.4862 138.3941 138.3082 138.2589 138.2836 138.418 138.681 139.0593 139.5027 139.9347 140.2836 140.5146 140.6262 140.6246 140.5083 140.2644 139.8753 139.3366
134.8917 135.0497 135.23 135.412 135.5771 135.7137 135.8213 135.9088 135.9884 136.0678 136.1492 136.2308 136.3106 136.3877 136.4628 136.5378 136.6146 136.6938 136.7755 136.8589 136.9433 137.0272 137.1087 137.1846 137.2507 137.3029 137.3377 137.3545 137.3567 137.3516 137.349 137.359 137.3903 137.4487 137.5357 137.6487 137.7813 137.9233 138.0618 138.1842 138.2807 138.3456 138.3768 138.3746 138.3415 138.2822 138.2068 138.1337 138.0914 138.1169 138.2482 138.5097 138.8928 139.3436 139.7766 140.121 140.3402 140.4319 140.3997 140.257 140.0042 139.6295 139.1293
134.7986 134.9196 135.0805 135.2619 135.4425 135.6042 135.7375 135.8437 135.9327 136.0153 136.0972 136.1785 136.2578 136.3352 136.4127 136.493 136.5777 136.6666 136.7578 136.8493 136.9386 137.0232 137.1002 137.1654 137.213 137.2372 137.2346 137.2059 137.1573 137.0997 137.0464 137.0101 137.0008 137.0253 137.0865 137.1831 137.3095 137.4559 137.6087 137.7536 137.8788 137.9762 138.0412 138.0715 138.0683 138.0362 137.9851 137.9321 137.904 137.937 138.0708 138.3329 138.7116 139.1433 139.547 139.8569 140.0447 140.0999 140.0353 139.8681 139.6116 139.2605 138.8116
134.7653 134.8331 134.952 135.11 135.2877 135.4642 135.623 135.755 135.8622 135.9537 136.0382 136.1195 136.1978 136.2743 136.3526 136.4367 136.5287 136.6278 136.7313 136.8344 136.9317 137.0174 137.086 137.1319 137.1486 137.1305 137.0759 136.9888 136.8799 136.7644 136.6596 136.5795 136.5333 136.5267 136.5627 136.6406 136.7561 136.9004 137.0614 137.2252 137.3787 137.5112 137.6149 137.6847 137.7191 137.722 137.7033 137.6797 137.6765 137.7284 137.8744 138.1357 138.4866 138.8661 139.2065 139.4589 139.5923 139.6063 139.5159 139.3397 139.0909 138.7725 138.3883
134.7976 134.808 134.8684 134.98 135.1315 135.3039 135.4769 135.6337 135.7658 135.8748 135.9681 136.0522 136.1304 136.2056 136.2825 136.367 136.4626 136.57 136.6858 136.8023 136.9091 136.9948 137.0493 137.065 137.037 136.9622 136.8433 136.6897 136.5178 136.3474 136.1976 136.082 136.0073 135.9763 135.99 136.0482 136.1476 136.2816 136.4406 136.6133 136.7867 136.9486 137.0882 137.1973 137.2718 137.3142 137.3347 137.35 137.384 137.4688 137.6351 137.8836 138.1817 138.4788 138.7346 138.9119 138.9833 138.9593 138.8605 138.6961 138.4678 138.1918 137.8736
134.8867 134.8494 134.8476 134.8962 134.9979 135.1419 135.3092 135.4787 135.6339 135.7668 135.878 135.9723 136.0544 136.1293 136.2031 136.2832 136.3767 136.487 136.6109 136.7375 136.8506 136.9315 136.964 136.9391 136.8546 136.7141 136.5266 136.3085 136.0819 135.8692 135.6887 135.5511 135.4596 135.4131 135.4097 135.4485 135.5279 135.6435 135.7892 135.9567 136.1354 136.3128 136.4764 136.6154 136.7238 136.8037 136.8653 136.9252 137.0062 137.1341 137.3176 137.5408 137.7701 137.9773 138.1394 138.2355 138.2535 138.2046 138.1099 137.9693 137.7786 137.5474 137.2878
135.0129 134.9473 134.8939 134.876 134.9111 135.0023 135.1385 135.2999 135.466 135.6208 135.7562 135.8697 135.9636 136.0424 136.113 136.185 136.2694 136.3732 136.4946 136.6208 136.7298 136.7961 136.7983 136.726 136.5816 136.377 136.1302 135.864 135.6032 135.3701 135.1792 135.0366 134.9413 134.8887 134.8741 134.8958 134.9534 135.0451 135.1674 135.3155 135.4821 135.6561 135.8249 135.9765 136.1045 136.2113 136.3076 136.41 136.5393 136.7069 136.9002 137.0911 137.2581 137.3845 137.4591 137.4828 137.4639 137.4056 137.3167 137.2024 137.0556 136.8754 136.666
135.1537 135.0812 134.9969 134.9243 134.8895 134.9106 134.9905 135.1181 135.274 135.4378 135.5938 135.7315 135.8451 135.9345 136.005 136.0676 136.1361 136.221 136.3235 136.4315 136.5202 136.5591 136.5244 136.4059 136.2106 135.9591 135.6772 135.3917 135.1268 134.9008 134.7227 134.5928 134.5061 134.4555 134.4356 134.4441 134.4812 134.5469 134.6399 134.7581 134.8972 135.049 135.202 135.3455 135.4739 135.5902 135.7061 135.8387 136.0038 136.1967 136.3917 136.5573 136.6801 136.7473 136.7559 136.7285 136.6864 136.6252 136.5408 136.4469 136.3423 136.2146 136.0602
135.2901 135.2292 135.1373 135.0318 134.9395 134.8879 134.8948 134.963 135.0815 135.2314 135.3928 135.5482 135.6832 135.7884 135.8641 135.9188 135.9662 136.0197 136.0855 136.1554 136.2058 136.2063 136.134 135.9808 135.7576 135.4898 135.208 134.9388 134.7026 134.5109 134.3662 134.2635 134.1948 134.1528 134.1329 134.1332 134.1541 134.1964 134.26 134.3443 134.4472 134.5634 134.684 134.8007 134.91 135.0156 135.1302 135.2717 135.4486 135.6473 135.8388 135.9948 136.0947 136.1282 136.102 136.0434 135.9779 135.908 135.8294 135.7514 135.6821 135.6052 135.519
135.4087 135.3726 135.2936 135.1802 135.0536 134.9429 134.8752 134.8666 134.9207 135.028 135.169 135.3228 135.4685 135.588 135.6713 135.7182 135.7448 135.7489 135.7714 135.7946 135.7946 135.7534 135.6521 135.4858 135.2665 135.0202 134.7757 134.5561 134.3752 134.2376 134.1395 134.0726 134.028 133.9995 133.9845 133.9828 133.9946 134.0204 134.0605 134.1147 134.1817 134.258 134.3379 134.4159 134.4908 134.5676 134.6593 134.7836 134.9449 135.1302 135.3167 135.4754 135.5737 135.5981 135.5594 135.4802 135.3857 135.2954 135.2171 135.1557 135.1141 135.0871 135.0714
135.5032 135.4977 135.4464 135.3478 135.2134 135.0666 134.9366 134.8493 134.822 134.8592 134.95 135.074 135.2083 135.3284 135.3737 135.3817 135.3487 135.3447 135.3614 135.3556 135.327 135.253 135.1416 134.9895 134.8072 134.6158 134.4379 134.2899 134.1791 134.1039 134.0566 134.0279 134.0102 133.9993 133.995 133.9986 134.0102 134.0296 134.0566 134.0903 134.1288 134.1698 134.2097 134.2454 134.2777 134.3128 134.3642 134.4485 134.572 134.7302 134.9078 135.0708 135.1807 135.2132 135.175 135.0817 134.9585 134.8427 134.7553 134.7019 134.6828 134.6931 134.7305
135.572 135.5965 135.5805 135.5127 135.3914 135.2303 135.057 134.9028 134.7945 134.7475 134.7648 134.8323 134.9281 134.9844 135.0534 135.0452 135.0215 134.989 134.9733 134.9446 134.8507 134.7869 134.69 134.5786 134.4587 134.3431 134.2464 134.1775 134.1381 134.1228 134.123 134.1306 134.1404 134.1506 134.1629 134.1795 134.2009 134.2254 134.2512 134.2762 134.2975 134.3125 134.3189 134.3153 134.3039 134.2919 134.2936 134.3249 134.3985 134.5214 134.6805 134.8108 134.9229 134.9683 134.9383 134.842 134.7074 134.6092 134.5069 134.4488 134.4342 134.458 134.5094
135.6129 135.663 135.6813 135.6471 135.5473 135.3865 135.1886 134.9879 134.8142 134.691 134.6292 134.6258 134.6634 134.6618 134.6642 134.719 134.6967 134.6668 134.6752 134.5772 134.4826 134.4422 134.3831 134.3311 134.2862 134.2527 134.2368 134.2417 134.2648 134.2999 134.3399 134.379 134.4148 134.4484 134.4825 134.5195 134.5591 134.5985 134.6336 134.6605 134.6754 134.6749 134.657 134.6216 134.5716 134.5154 134.4677 134.4454 134.467 134.5478 134.6822 134.8067 134.8625 134.8665 134.8271 134.8207 134.7134 134.6372 134.5212 134.4459 134.4099 134.4075 134.4344
135.6174 135.685 135.7263 135.7149 135.6328 135.4433 135.2403 135.0242 134.8346 134.6597 134.5376 134.4698 134.4467 134.3872 134.4069 134.4514 134.4763 134.442 134.3928 134.3429 134.2857 134.2856 134.2791 134.2932 134.3225 134.3642 134.4178 134.4821 134.5531 134.6257 134.6956 134.7599 134.8193 134.8768 134.9355 134.9971 135.06 135.1196 135.1702 135.2062 135.2228 135.2161 135.1841 135.1273 135.0499 134.9606 134.8741 134.8084 134.7851 134.8238 134.9247 135.0344 135.088 135.0673 135.0594 135.0173 135.0223 134.9312 134.805 134.7008 134.6149 134.5532 134.5216
135.5648 135.6379 135.6866 135.6825 135.5712 135.3607 135.1402 134.9643 134.7743 134.6109 134.4639 134.3626 134.3006 134.2458 134.229 134.2362 134.2553 134.2585 134.2897 134.3055 134.3145 134.3433 134.3939 134.4686 134.5596 134.6598 134.764 134.8693 134.9719 135.0689 135.1586 135.2415 135.3205 135.3998 135.4825 135.5686 135.6549 135.7352 135.8026 135.8504 135.8737 135.8683 135.8322 135.7669 135.6772 135.5716 135.4638 135.3727 135.3199 135.323 135.3894 135.4741 135.4965 135.5528 135.5419 135.5602 135.5459 135.4451 135.308 135.1658 135.0219 134.886 134.7715
