data/raw_data/rasters/lyr1_top_new.txt
ncols         372
nrows         289
xllcorner     426897.599538
yllcorner     6654704.081442
cellsize      2
NODATA_value  -9999
[rows 224 to 251 of 289, columns 63 to 125 of 372]
138.6647 138.8139 138.9523 139.0771 139.1914 139.2997 139.4059 139.5094 139.6055 139.6865 139.7477 139.7888 139.8155 139.8389 139.8717 139.916 139.963 140.0024 140.0304 140.0508 140.0715 140.0984 140.1304 140.1622 140.1913 140.2167 140.2374 140.2528 140.2644 140.2724 140.2751 140.2702 140.2608 140.2563 140.264 140.2824 140.3017 140.3138 140.3156 140.3104 140.3009 140.2817 140.2461 140.1997 140.1579 140.1384 140.1451 140.1673 140.1901 140.2019 140.2 140.1933 140.1919 140.1991 140.2105 140.2115 140.168 140.0161 139.6933 139.2139 138.6969 138.2949 138.1003
138.6574 138.8013 138.9271 139.0369 139.1356 139.2291 139.3237 139.4216 139.5185 139.6072 139.6788 139.7259 139.7511 139.7676 139.7912 139.8295 139.8768 139.9222 139.9578 139.9858 140.0142 140.0488 140.0877 140.1227 140.1511 140.1747 140.1938 140.2089 140.2204 140.2255 140.2203 140.2041 140.1826 140.165 140.1576 140.1596 140.1627 140.1594 140.1471 140.1293 140.1098 140.0849 140.0472 139.9988 139.9535 139.9283 139.9285 139.9445 139.9632 139.9722 139.9668 139.9542 139.9449 139.9465 139.9597 139.9727 139.9485 139.8221 139.5311 139.0877 138.603 138.222 138.0347
138.6526 138.7841 138.8958 138.9912 139.0747 139.1523 139.2317 139.3182 139.411 139.5038 139.5852 139.6426 139.6726 139.6871 139.7042 139.738 139.7868 139.838 139.8808 139.9158 139.9494 139.9873 140.0289 140.0659 140.0933 140.1141 140.1312 140.1455 140.1565 140.1597 140.1491 140.1238 140.0904 140.0582 140.034 140.0181 140.0036 139.9847 139.9598 139.9311 139.9028 139.874 139.8368 139.7897 139.7437 139.7141 139.7067 139.7156 139.7288 139.734 139.7253 139.7067 139.6876 139.6802 139.6919 139.7144 139.7108 139.6136 139.3583 138.9528 138.502 138.1445 137.9666
138.6273 138.7414 138.8401 138.9249 138.9964 139.0594 139.123 139.1964 139.2827 139.3767 139.4666 139.5357 139.575 139.5914 139.6046 139.6357 139.6869 139.7444 139.7939 139.8336 139.8692 139.9068 139.9481 139.9868 140.0159 140.0369 140.0544 140.0688 140.078 140.0784 140.0637 140.0307 139.9829 139.9316 139.8879 139.8536 139.823 139.7908 139.7568 139.7217 139.6883 139.6573 139.6223 139.5798 139.5369 139.5055 139.4919 139.4933 139.5006 139.5026 139.4922 139.4689 139.4398 139.4207 139.4257 139.4513 139.4629 139.3926 139.1728 138.8066 138.3917 138.0604 137.8951
138.538 138.6326 138.721 138.8011 138.8691 138.9277 138.9854 139.0515 139.1323 139.227 139.3242 139.4052 139.4545 139.4738 139.4856 139.5149 139.5682 139.6312 139.6862 139.728 139.7641 139.8012 139.842 139.8826 139.9165 139.9418 139.9619 139.9773 139.9862 139.9844 139.9645 139.9211 139.8564 139.7831 139.7167 139.6641 139.6204 139.5803 139.5426 139.507 139.4736 139.4431 139.4113 139.3754 139.3391 139.3099 139.2927 139.2875 139.2892 139.2899 139.281 139.256 139.2186 139.1856 139.1773 139.196 139.2111 139.1578 138.9695 138.644 138.2705 137.9697 137.8192
138.3093 138.3862 138.4652 138.5444 138.6196 138.6917 138.7653 138.8448 138.9344 139.0371 139.1442 139.2362 139.2955 139.3212 139.3365 139.3678 139.4215 139.4859 139.5435 139.5871 139.6246 139.6643 139.7079 139.753 139.793 139.8232 139.8449 139.8616 139.8722 139.8691 139.8413 139.7838 139.7015 139.6075 139.52 139.4507 139.3991 139.3582 139.3227 139.2896 139.2595 139.2326 139.2053 139.1755 139.1468 139.1233 139.1073 139.099 139.0973 139.097 139.0893 139.065 139.0235 138.9793 138.9548 138.9564 138.9603 138.9108 138.7469 138.4625 138.1355 137.8714 137.741
137.8739 137.9356 138.0051 138.0832 138.1699 138.2658 138.3714 138.4854 138.6067 138.7356 138.8644 138.9747 139.0506 139.0935 139.1237 139.1635 139.2208 139.287 139.3468 139.3931 139.4348 139.4802 139.5308 139.5829 139.6318 139.6701 139.6951 139.7112 139.7202 139.712 139.6736 139.602 139.5059 139.3993 139.2996 139.222 139.1692 139.1314 139.099 139.0679 139.0408 139.0184 138.9949 138.9684 138.9448 138.9278 138.9163 138.91 138.9075 138.9055 138.8972 138.8741 138.834 138.7872 138.7522 138.7358 138.7212 138.665 138.5158 138.2674 137.9861 137.7649 137.6604
137.2529 137.2996 137.3575 137.4312 137.5245 137.6373 137.768 137.914 138.0708 138.2342 138.3953 138.5355 138.642 138.717 138.7768 138.8389 138.9122 138.99 139.0585 139.1147 139.1678 139.2232 139.2811 139.3436 139.4093 139.4653 139.5004 139.5159 139.5164 139.4948 139.4415 139.3594 139.2595 139.1545 139.0595 138.9876 138.9399 138.9039 138.8697 138.8368 138.8091 138.7866 138.7635 138.7381 138.7174 138.7053 138.6991 138.6959 138.6932 138.688 138.6779 138.6573 138.6236 138.5836 138.5493 138.5246 138.4961 138.4309 138.2895 138.0703 137.8306 137.6497 137.5748
136.5747 136.6043 136.6473 136.7099 136.7972 136.9089 137.0428 137.1966 137.365 137.5425 137.7207 137.8844 138.0214 138.134 138.2327 138.3293 138.4314 138.5319 138.6221 138.7034 138.7817 138.8578 138.9344 139.0189 139.113 139.1969 139.2515 139.2714 139.2595 139.2158 139.1443 139.0563 138.9639 138.877 138.8043 138.7509 138.7119 138.6742 138.6323 138.5908 138.5563 138.5285 138.5023 138.4768 138.459 138.4525 138.4515 138.4493 138.4418 138.429 138.4143 138.3959 138.3715 138.3452 138.3212 138.2983 138.2659 138.1991 138.0704 137.8813 137.6796 137.5324 137.4828
136.0101 136.0264 136.0536 136.0971 136.1622 136.2507 136.3617 136.4926 136.6393 136.7966 136.9583 137.1155 137.2598 137.3911 137.5157 137.6405 137.7673 137.8907 138.0081 138.1228 138.2373 138.352 138.4706 138.5997 138.7364 138.8611 138.9492 138.9825 138.9587 138.8925 138.8046 138.7149 138.6373 138.5798 138.5404 138.51 138.4788 138.4389 138.3874 138.3317 138.2843 138.2493 138.22 138.1942 138.1804 138.1812 138.1854 138.1798 138.1608 138.1326 138.105 138.0836 138.0687 138.0591 138.0493 138.0339 138.0076 137.9538 137.8499 137.6963 137.5331 137.417 137.3888
135.6787 135.6894 135.7063 135.7307 135.7665 135.8174 135.8842 135.9664 136.0624 136.1705 136.2875 136.4085 136.5278 136.6459 136.7667 136.8921 137.0208 137.1491 137.2792 137.4155 137.5587 137.7113 137.8789 138.0643 138.2606 138.4451 138.5852 138.6479 138.6263 138.5497 138.454 138.3669 138.3082 138.2832 138.2764 138.2655 138.2394 138.1971 138.138 138.0683 138.0059 137.9623 137.9326 137.9102 137.902 137.9089 137.9138 137.8978 137.8591 137.8081 137.7608 137.7314 137.7218 137.7247 137.7271 137.722 137.7097 137.6807 137.6128 137.5016 137.3824 137.3027 137.2967
135.5736 135.584 135.5967 135.6106 135.6267 135.6469 135.672 135.7027 135.741 135.7891 135.8475 135.9153 135.9889 136.069 136.1575 136.2537 136.3557 136.463 136.5797 136.7098 136.8545 137.0169 137.2064 137.4307 137.6813 137.9304 138.1344 138.2478 138.2581 138.1965 138.1093 138.0366 138.002 138.005 138.02 138.0198 137.9952 137.9499 137.8856 137.8075 137.7342 137.6824 137.6522 137.6365 137.6345 137.6424 137.6404 137.6071 137.5434 137.4683 137.4033 137.3636 137.3512 137.3561 137.365 137.3681 137.3689 137.3675 137.3448 137.2887 137.2242 137.1877 137.208
135.5831 135.5937 135.6052 135.6163 135.626 135.634 135.6399 135.644 135.6478 135.6544 135.6672 135.6876 135.7157 135.752 135.7962 135.846 135.9018 135.9668 136.0456 136.142 136.2591 136.3992 136.5728 136.7929 137.0568 137.3354 137.5844 137.7556 137.8242 137.8083 137.7572 137.7186 137.7176 137.7436 137.768 137.7695 137.7448 137.6991 137.6341 137.5569 137.4824 137.4256 137.3923 137.3782 137.3764 137.3769 137.3615 137.3114 137.2273 137.1329 137.0542 137.0055 136.9867 136.9892 136.9985 137.0018 137.0075 137.0296 137.0546 137.0602 137.0572 137.0698 137.1204
135.6059 135.6171 135.6279 135.6387 135.648 135.6552 135.6589 135.6584 135.6544 135.6489 135.6449 135.6456 135.6519 135.6625 135.6747 135.6856 135.6972 135.7154 135.7468 135.7949 135.8632 135.9568 136.0834 136.2573 136.48 136.7295 136.9713 137.1667 137.2882 137.3374 137.3494 137.3657 137.4057 137.4567 137.4916 137.4982 137.4791 137.4405 137.3854 137.3195 137.252 137.1947 137.1553 137.1356 137.126 137.1124 137.0798 137.0168 136.9229 136.8195 136.7342 136.6824 136.6647 136.6692 136.6766 136.6744 136.6782 136.7172 136.7802 136.8366 136.8888 136.9499 137.0339
135.6199 135.6311 135.6398 135.6482 135.6567 135.6643 135.6689 135.6694 135.6664 135.6622 135.6597 135.6623 135.6701 135.6799 135.6854 135.6834 135.6739 135.663 135.6595 135.6671 135.6861 135.7222 135.7835 135.8822 136.026 136.2016 136.3849 136.551 136.6821 136.778 136.8534 136.9269 137.0085 137.0879 137.146 137.1729 137.1726 137.1534 137.1197 137.074 137.02 136.9673 136.9255 136.8986 136.879 136.8512 136.8031 136.7299 136.6358 136.5374 136.4583 136.4138 136.4038 136.4122 136.4178 136.4129 136.4188 136.467 136.5516 136.643 136.7379 136.8393 136.9524
135.6275 135.6376 135.6426 135.647 135.6523 135.6578 135.6619 135.663 135.6619 135.6611 135.6638 135.6733 135.6906 135.7106 135.7251 135.7272 135.7163 135.6962 135.6775 135.6649 135.6558 135.6512 135.6572 135.6823 135.737 135.8212 135.9217 136.0237 136.1207 136.2157 136.3148 136.4202 136.5286 136.6301 136.7103 136.7628 136.7895 136.7997 136.7962 136.7783 136.7467 136.7102 136.6761 136.6468 136.6192 136.5839 136.5313 136.4593 136.3749 136.2941 136.2334 136.203 136.199 136.2059 136.2108 136.2145 136.2317 136.2858 136.3794 136.4935 136.6186 136.748 136.8816
135.6324 135.64 135.641 135.6402 135.6401 135.641 135.6423 135.6433 135.6439 135.6459 135.6527 135.668 135.6938 135.726 135.7537 135.766 135.76 135.7395 135.7142 135.6915 135.6716 135.6526 135.6351 135.6205 135.6139 135.6203 135.6405 135.6727 135.716 135.7747 135.8542 135.9528 136.0598 136.1592 136.24 136.3007 136.3456 136.3803 136.4035 136.4133 136.4099 136.3985 136.3814 136.3594 136.3329 136.3004 136.2577 136.2021 136.1414 136.0877 136.0501 136.0333 136.0333 136.0385 136.0448 136.0593 136.0914 136.1543 136.2543 136.3823 136.5266 136.674 136.8196
135.6361 135.6408 135.6377 135.6319 135.6266 135.6226 135.6205 135.6201 135.6208 135.6236 135.6315 135.6491 135.6791 135.7199 135.7608 135.7874 135.7914 135.7751 135.7463 135.7141 135.6857 135.6618 135.6408 135.6211 135.5981 135.5696 135.54 135.5183 135.513 135.53 135.5732 135.6395 135.716 135.7878 135.8473 135.8956 135.9373 135.9752 136.007 136.0314 136.0474 136.0545 136.0523 136.042 136.0252 136.0043 135.9785 135.9484 135.9195 135.8972 135.8821 135.8773 135.8827 135.8902 135.8985 135.9171 135.9589 136.034 136.145 136.2867 136.4469 136.6082 136.7631
135.6397 135.6414 135.6347 135.625 135.6156 135.6078 135.6024 135.5996 135.5988 135.6003 135.6065 135.6221 135.6514 135.6949 135.7453 135.7876 135.8079 135.8017 135.7741 135.7347 135.6961 135.6659 135.6448 135.6313 135.6168 135.5923 135.5575 135.5201 135.4918 135.4814 135.4925 135.5196 135.5537 135.5872 135.6171 135.6434 135.6681 135.6917 135.7139 135.7346 135.752 135.7624 135.7636 135.7563 135.7445 135.7329 135.7223 135.7131 135.7098 135.7123 135.7157 135.721 135.7283 135.7347 135.7411 135.7606 135.8097 135.8975 136.024 136.1855 136.3671 136.5457 136.7095
135.643 135.642 135.6329 135.6206 135.6082 135.5971 135.5884 135.5825 135.5791 135.5782 135.5813 135.5928 135.6182 135.6599 135.7147 135.7705 135.8098 135.8197 135.7989 135.7559 135.708 135.6695 135.6458 135.635 135.6291 135.619 135.6022 135.5809 135.5604 135.5464 135.5405 135.5402 135.5426 135.5475 135.5558 135.5649 135.573 135.5796 135.5862 135.5938 135.6014 135.6054 135.6011 135.5869 135.5686 135.5546 135.5467 135.5443 135.5498 135.5622 135.5754 135.5853 135.5888 135.587 135.5868 135.6052 135.6584 135.7551 135.8971 136.0818 136.2882 136.4862 136.6602
135.6456 135.6424 135.6321 135.6185 135.6041 135.5905 135.5787 135.5694 135.5628 135.5588 135.5583 135.5646 135.5838 135.6207 135.6751 135.7391 135.796 135.8258 135.8164 135.774 135.719 135.6729 135.6444 135.6315 135.6265 135.6232 135.6195 135.6159 135.6121 135.6078 135.6022 135.5951 135.5899 135.5907 135.598 135.607 135.6129 135.6135 135.6107 135.6075 135.6049 135.5996 135.5869 135.564 135.5354 135.5108 135.4942 135.4856 135.4867 135.4968 135.5091 135.5172 135.5154 135.5052 135.4967 135.5067 135.5536 135.6489 135.7977 135.9968 136.2222 136.4376 136.6173
135.6476 135.6427 135.6316 135.6174 135.6022 135.5871 135.5729 135.5607 135.5507 135.5433 135.539 135.5398 135.5514 135.5806 135.6303 135.6965 135.7655 135.8131 135.8175 135.7799 135.7225 135.6705 135.6363 135.6187 135.6111 135.6069 135.605 135.6076 135.6133 135.6169 135.6155 135.6111 135.6117 135.6244 135.6476 135.6735 135.6942 135.7042 135.7047 135.7016 135.6974 135.6888 135.672 135.6454 135.6124 135.5808 135.5556 135.5384 135.5309 135.5334 135.5412 135.5482 135.5468 135.5325 135.512 135.5041 135.5326 135.616 135.7589 135.957 136.1862 136.4053 136.5809
135.649 135.6428 135.6311 135.6167 135.6011 135.5853 135.5699 135.5555 135.5428 135.5322 135.5242 135.52 135.5238 135.5432 135.5843 135.6469 135.72 135.7787 135.7966 135.7685 135.7139 135.6591 135.6206 135.5983 135.5855 135.577 135.5729 135.5762 135.5859 135.5941 135.5963 135.595 135.6007 135.6231 135.6602 135.7028 135.7398 135.7638 135.7755 135.7816 135.7857 135.7849 135.7761 135.7582 135.7339 135.7079 135.6837 135.6642 135.6525 135.652 135.6617 135.6757 135.6803 135.6631 135.6288 135.5988 135.6033 135.6665 135.7938 135.976 136.1874 136.3889 136.5478
135.6501 135.6426 135.6305 135.6159 135.6002 135.5843 135.5683 135.5528 135.5381 135.5249 135.5139 135.5056 135.5025 135.5115 135.541 135.5946 135.6642 135.7267 135.7551 135.7397 135.6924 135.6404 135.6022 135.577 135.5581 135.5436 135.5361 135.5388 135.55 135.5623 135.5701 135.5746 135.5857 135.6135 135.6566 135.7048 135.7471 135.7766 135.7949 135.8085 135.8211 135.8314 135.8366 135.8357 135.8295 135.8198 135.8081 135.7977 135.7939 135.8031 135.8262 135.8533 135.8652 135.8472 135.8045 135.759 135.7412 135.7796 135.8818 136.0346 136.2113 136.3796 136.5152
135.6507 135.6422 135.6298 135.6151 135.5993 135.5834 135.5673 135.5513 135.5357 135.5208 135.5073 135.4958 135.4875 135.4874 135.5041 135.5445 135.6048 135.6642 135.6992 135.6975 135.663 135.6192 135.5853 135.5604 135.5374 135.518 135.5072 135.5079 135.5182 135.5327 135.546 135.5578 135.5762 135.6087 135.6534 135.7014 135.7423 135.7713 135.7911 135.8071 135.8228 135.8382 135.8519 135.8626 135.8702 135.8745 135.8766 135.8807 135.8916 135.9169 135.9579 136.0006 136.0234 136.0116 135.9687 135.917 135.8868 135.9053 135.9801 136.0987 136.2365 136.3697 136.4829
135.6511 135.6419 135.6291 135.6143 135.5984 135.5824 135.5664 135.5504 135.5344 135.5186 135.5034 135.4896 135.4777 135.4707 135.4758 135.5014 135.5474 135.5974 135.6338 135.6458 135.6304 135.6008 135.5737 135.5513 135.5278 135.5063 135.4933 135.4918 135.5 135.5135 135.5281 135.5445 135.5691 135.6056 135.6508 135.6969 135.7354 135.7632 135.7832 135.7997 135.8158 135.8327 135.8494 135.8649 135.8783 135.8893 135.8992 135.9117 135.9311 135.9654 136.0167 136.0707 136.105 136.1016 136.0631 136.0125 135.9828 135.9945 136.0513 136.1435 136.2517 136.3582 136.4534
135.6514 135.6416 135.6285 135.6135 135.5976 135.5816 135.5656 135.5495 135.5335 135.5174 135.5015 135.4862 135.4719 135.4602 135.4562 135.4676 135.4957 135.5302 135.5603 135.5815 135.5865 135.5773 135.5618 135.5445 135.5239 135.5036 135.4916 135.4905 135.4974 135.5081 135.52 135.536 135.5628 135.6013 135.6461 135.6901 135.7263 135.7531 135.7736 135.7908 135.8074 135.825 135.8428 135.8601 135.8758 135.8893 135.9023 135.9174 135.9395 135.9755 136.0275 136.0828 136.1207 136.1239 136.0941 136.0537 136.0329 136.0461 136.0936 136.1693 136.2579 136.3462 136.4286
135.6515 135.6413 135.6279 135.6127 135.5967 135.5807 135.5647 135.5486 135.5326 135.5165 135.5004 135.4845 135.4689 135.4544 135.4439 135.4422 135.4505 135.4648 135.4818 135.5008 135.5168 135.5254 135.5237 135.5146 135.5007 135.4875 135.4816 135.4864 135.4973 135.5092 135.5199 135.5335 135.5589 135.5962 135.6395 135.6808 135.7146 135.7409 135.7626 135.7817 135.7999 135.8183 135.8369 135.8551 135.8716 135.8858 135.8991 135.9148 135.9371 135.9714 136.0184 136.0672 136.1026 136.1113 136.0955 136.0719 136.0626 136.0783 136.1203 136.184 136.258 136.3337 136.4074
