data/raw_data/rasters/lyr1_top_new_new_new.txt
ncols         372
nrows         289
xllcorner     426897.599538
yllcorner     6654704.081442
cellsize      2
NODATA_value  -9999
[rows 252 to 279 of 289, columns 126 to 188 of 372]
136.4325 136.4692 136.4763 136.4546 136.4195 136.3952 136.4006 136.4379 136.4917 136.5403 136.5679 136.5701 136.5535 136.5348 136.5322 136.5529 136.5927 136.6442 136.6985 136.7476 136.7897 136.8261 136.8569 136.8845 136.9138 136.9505 136.9981 137.0578 137.1298 137.2128 137.303 137.3949 137.4839 137.5677 137.6456 137.7173 137.7825 137.8426 137.9016 137.9637 138.0304 138.101 138.174 138.2493 138.3285 138.4138 138.5071 138.6096 138.7224 138.8476 138.986 139.1356 139.2909 139.445 139.5928 139.7348 139.8769 140.0263 140.1895 140.3736 140.5876 140.8394 141.1336
136.4086 136.4407 136.4433 136.4195 136.3867 136.3689 136.3826 136.4267 136.4849 136.5367 136.5673 136.5723 136.5565 136.5336 136.5224 136.5355 136.5716 136.6219 136.676 136.7233 136.7574 136.7796 136.7947 136.8087 136.8285 136.86 136.9063 136.9684 137.0459 137.1379 137.2412 137.349 137.4537 137.55 137.6366 137.7136 137.7813 137.8416 137.8993 137.9596 138.0247 138.0938 138.1657 138.2408 138.3209 138.4083 138.5039 138.6081 138.7221 138.8483 138.9888 139.1426 139.3046 139.4667 139.6225 139.7707 139.916 140.0671 140.2326 140.4197 140.6359 140.888 141.1787
136.3854 136.4139 136.4137 136.3903 136.3632 136.3551 136.3783 136.4282 136.4872 136.5365 136.563 136.5638 136.5447 136.5175 136.4985 136.503 136.5335 136.5811 136.6328 136.6758 136.701 136.71 136.712 136.7168 136.7325 136.7634 136.8114 136.8769 136.9595 137.0591 137.1731 137.2939 137.4118 137.5201 137.616 137.6998 137.7725 137.8364 137.896 137.9568 138.022 138.091 138.1628 138.2383 138.3202 138.4102 138.5086 138.6149 138.7301 138.8572 138.9988 139.1553 139.3218 139.4909 139.6557 139.8133 139.9662 140.1225 140.2915 140.4805 140.6952 140.9405 141.2188
136.3629 136.3887 136.3875 136.3676 136.3499 136.355 136.3903 136.4463 136.5044 136.5472 136.5649 136.5573 136.5319 136.4998 136.4747 136.4708 136.494 136.5367 136.5841 136.6211 136.6383 136.6389 136.635 136.6391 136.659 136.6964 136.7493 136.8168 136.8998 137.0002 137.1163 137.2406 137.3637 137.4782 137.5806 137.6703 137.7493 137.8201 137.8858 137.9509 138.0189 138.0899 138.1634 138.2411 138.3257 138.4188 138.5202 138.629 138.7459 138.8741 139.0168 139.1749 139.345 139.5201 139.6936 139.8615 140.0244 140.1888 140.3634 140.555 140.7673 141.0027 141.263
136.3412 136.3651 136.3647 136.351 136.3458 136.3671 136.4166 136.4797 136.5364 136.5718 136.5798 136.5634 136.5316 136.4947 136.4651 136.455 136.4707 136.5063 136.5474 136.5772 136.5883 136.5867 136.586 136.5992 136.6322 136.6824 136.7428 136.8102 136.8871 136.9784 137.0844 137.1997 137.3161 137.4273 137.5298 137.6229 137.708 137.7872 137.8622 137.9352 138.0088 138.0843 138.162 138.2439 138.3327 138.4299 138.5352 138.6475 138.7673 138.8978 139.0424 139.2025 139.3759 139.5565 139.7372 139.9139 140.087 140.2618 140.4456 140.6434 140.8566 141.0844 141.3283
136.3206 136.3428 136.3445 136.3391 136.3482 136.3868 136.4511 136.5217 136.5778 136.6073 136.6078 136.5853 136.5488 136.5083 136.4754 136.4611 136.47 136.4974 136.53 136.5531 136.5614 136.5631 136.5729 136.6027 136.6547 136.7206 136.7886 136.8538 136.9199 136.9943 137.0803 137.1757 137.2751 137.3735 137.4689 137.5612 137.6506 137.7371 137.8213 137.9034 137.984 138.0654 138.1494 138.2376 138.3324 138.4355 138.5466 138.6645 138.7894 138.9243 139.0729 139.2368 139.414 139.5993 139.7856 139.9692 140.1514 140.3376 140.5341 140.7438 140.9646 141.1925 141.4276
136.3011 136.3218 136.3263 136.33 136.3536 136.4084 136.4858 136.5633 136.6198 136.6458 136.6425 136.6173 136.5788 136.536 136.5002 136.4816 136.4844 136.5035 136.5276 136.5459 136.5558 136.5654 136.5895 136.6388 136.7101 136.7897 136.8627 136.9239 136.9776 137.0327 137.0955 137.167 137.2445 137.3248 137.4078 137.4948 137.5844 137.6745 137.764 137.852 137.9381 138.0247 138.1147 138.2101 138.3129 138.4245 138.5441 138.6706 138.804 138.9466 139.102 139.272 139.4546 139.6444 139.8356 140.0249 140.2148 140.4122 140.624 140.851 141.0876 141.3262 141.5636
136.2827 136.3021 136.3096 136.3221 136.3591 136.4277 136.5154 136.5981 136.6555 136.6802 136.6763 136.6514 136.6126 136.5682 136.5287 136.5046 136.5011 136.5136 136.5318 136.5486 136.5637 136.5844 136.6238 136.6901 136.7756 136.863 136.9374 136.9936 137.0364 137.0755 137.119 137.1701 137.2277 137.2903 137.3594 137.4367 137.5206 137.6077 137.6956 137.7827 137.8692 137.9574 138.0504 138.1515 138.2631 138.3849 138.5153 138.6534 138.7989 138.953 139.1187 139.2976 139.4876 139.6837 139.8806 140.0758 140.273 140.4819 140.7104 140.9587 141.2184 141.4775 141.7288
136.265 136.2832 136.2936 136.3141 136.3631 136.4434 136.5387 136.6245 136.6826 136.708 136.7059 136.6828 136.6442 136.598 136.5544 136.5238 136.5138 136.5222 136.539 136.5579 136.5803 136.613 136.6664 136.744 136.8357 136.9243 136.9967 137.0481 137.0837 137.1134 137.1455 137.1834 137.2272 137.2766 137.3331 137.3981 137.4707 137.5476 137.6258 137.7037 137.7828 137.8659 137.9568 138.0597 138.1773 138.3084 138.4502 138.6012 138.7608 138.9294 139.1086 139.2993 139.5 139.7062 139.9124 140.116 140.3224 140.5436 140.7898 141.0617 141.3492 141.636 141.9105
136.2472 136.2641 136.277 136.3048 136.3645 136.4551 136.5567 136.6447 136.704 136.7318 136.7332 136.7132 136.6756 136.6277 136.5798 136.5436 136.5282 136.5343 136.5529 136.577 136.6078 136.652 136.7158 136.7984 136.8891 136.9738 137.0415 137.0889 137.1212 137.1479 137.1759 137.2079 137.2444 137.2856 137.3323 137.385 137.4433 137.5051 137.5675 137.6293 137.6931 137.7636 137.8457 137.9438 138.0607 138.1957 138.3459 138.5082 138.6809 138.864 139.0584 139.2642 139.4802 139.702 139.9234 140.1411 140.3608 140.5964 140.8607 141.157 141.4741 141.7924 142.0955
136.2284 136.2438 136.2587 136.2931 136.3625 136.4626 136.571 136.6626 136.7242 136.7554 136.7617 136.7469 136.7124 136.6639 136.6132 136.5741 136.5563 136.5615 136.5827 136.613 136.652 136.7045 136.7735 136.8553 136.9409 137.0191 137.0811 137.1252 137.1571 137.1846 137.2127 137.2435 137.2778 137.3152 137.3554 137.3981 137.4431 137.4887 137.5331 137.5761 137.6207 137.6729 137.7388 137.8237 137.9309 138.0613 138.2121 138.3788 138.559 138.7526 138.9606 139.1835 139.4198 139.664 139.9079 140.1471 140.3865 140.64 140.9232 141.2425 141.588 141.9377 142.2698
136.2084 136.2218 136.2381 136.2786 136.357 136.4667 136.5831 136.6806 136.7461 136.7811 136.7929 136.7848 136.7557 136.7094 136.6588 136.6199 136.6025 136.6085 136.6324 136.6676 136.7119 136.7679 136.8363 136.9138 136.9929 137.064 137.1205 137.1627 137.1956 137.2249 137.2548 137.2873 137.3229 137.3606 137.399 137.4366 137.472 137.5039 137.5323 137.5582 137.5845 137.6164 137.6612 137.726 137.8158 137.9318 138.0712 138.2298 138.406 138.6008 138.8163 139.0543 139.3132 139.5854 139.8597 140.129 140.3952 140.6711 140.9744 141.3149 141.6849 142.0613 142.418
136.1873 136.1983 136.2154 136.2612 136.3485 136.4684 136.5942 136.6992 136.77 136.8093 136.8264 136.8248 136.802 136.7608 136.7137 136.677 136.6609 136.6685 136.6948 136.7325 136.7782 136.8332 136.8981 136.9702 137.0424 137.1068 137.1591 137.2006 137.2353 137.2676 137.3008 137.3374 137.3778 137.4211 137.4641 137.5031 137.5348 137.5584 137.5756 137.5889 137.6003 137.6139 137.6373 137.6797 137.747 137.8396 137.9547 138.0894 138.2449 138.4256 138.6367 138.8818 139.1598 139.4615 139.7722 140.079 140.3786 140.6821 141.0078 141.3677 141.7563 142.1516 142.5244
136.1656 136.1741 136.1915 136.2422 136.3387 136.4699 136.6062 136.7191 136.7959 136.8406 136.8628 136.8671 136.8515 136.8178 136.7764 136.7421 136.7264 136.7342 136.7612 136.7989 136.843 136.8948 136.9551 137.0213 137.0871 137.1462 137.1965 137.2397 137.279 137.3175 137.3577 137.402 137.4521 137.5073 137.5627 137.6105 137.6456 137.6679 137.6801 137.6852 137.6856 137.6852 137.6914 137.7131 137.7556 137.8179 137.8971 137.9925 138.1086 138.2557 138.4448 138.6825 138.9686 139.2938 139.6405 139.9886 140.3275 140.6639 141.0149 141.3927 141.7935 142.1978 142.5765
136.1437 136.1495 136.1675 136.2234 136.3299 136.4736 136.6216 136.7433 136.8268 136.8774 136.9058 136.9178 136.9124 136.8888 136.8541 136.8225 136.8067 136.8121 136.8357 136.8701 136.9105 136.9575 137.012 137.0719 137.1322 137.1891 137.2417 137.2923 137.3427 137.3937 137.4464 137.5038 137.5697 137.6439 137.7192 137.7839 137.8307 137.8587 137.8709 137.8713 137.8641 137.854 137.8477 137.8521 137.8696 137.8974 137.9324 137.9758 138.0366 138.1309 138.2768 138.4862 138.7616 139.0953 139.4684 139.8553 140.2363 140.6103 140.9893 141.3835 141.7906 142.1945 142.5693
136.1217 136.1251 136.1445 136.2071 136.325 136.4827 136.6441 136.7763 136.8678 136.9261 136.9639 136.9886 136.9985 136.9893 136.9645 136.9374 136.921 136.9212 136.9371 136.964 136.9977 137.0379 137.0851 137.1382 137.1949 137.2539 137.3163 137.3839 137.4555 137.5276 137.5995 137.6759 137.7633 137.8623 137.9639 138.0538 138.1203 138.1598 138.1756 138.174 138.1615 138.1439 138.1272 138.116 138.1095 138.1017 138.0882 138.0723 138.068 138.0957 138.1784 138.3347 138.5739 138.8928 139.274 139.689 140.1096 140.5223 140.9298 141.3384 141.7469 142.1428 142.5058
136.0995 136.1013 136.1236 136.1954 136.3276 136.5018 136.6788 136.824 136.9261 136.9956 137.048 137.0915 137.1231 137.1349 137.126 137.107 137.0904 137.0839 137.0895 137.1059 137.1303 137.1615 137.1998 137.246 137.3014 137.368 137.4489 137.5445 137.6483 137.7505 137.848 137.9477 138.0593 138.1857 138.3179 138.438 138.5289 138.5833 138.6057 138.6045 138.5877 138.5626 138.5356 138.509 138.4791 138.4373 138.3767 138.3023 138.2312 138.1862 138.1917 138.2721 138.4464 138.7216 139.0864 139.5118 139.9616 140.4081 140.8409 141.2602 141.6651 142.0474 142.3938
136.0775 136.079 136.1066 136.1908 136.3413 136.5358 136.7317 136.893 137.0087 137.0926 137.1641 137.2316 137.2897 137.3285 137.3426 137.3368 137.323 137.312 137.309 137.3156 137.3305 137.3521 137.3812 137.4211 137.4773 137.5562 137.6624 137.793 137.9348 138.072 138.1989 138.323 138.4581 138.611 138.7732 138.9228 139.0373 139.1069 139.1367 139.1361 139.1148 139.0825 139.0457 139.0048 138.9539 138.8827 138.7838 138.6614 138.532 138.4169 138.3395 138.3279 138.4126 138.6155 138.9368 139.3504 139.8126 140.2815 140.7317 141.155 141.5502 141.9145 142.243
136.0565 136.0597 136.0955 136.1959 136.3692 136.5885 136.8078 136.989 137.1209 137.2202 137.3109 137.4025 137.4881 137.5556 137.5955 137.6078 137.6031 137.5944 137.5898 137.5928 137.603 137.6187 137.6414 137.6773 137.7358 137.828 137.9593 138.1222 138.2979 138.4667 138.6201 138.7664 138.9227 139.0992 139.2865 139.4591 139.5914 139.672 139.7054 139.7031 139.6773 139.6391 139.5948 139.5433 139.4775 139.3869 139.2644 139.1128 138.943 138.7695 138.6124 138.5034 138.4843 138.5938 138.8479 139.227 139.6822 140.1577 140.6133 141.0311 141.4092 141.7518 142.0638
136.0372 136.0444 136.0914 136.2122 136.4131 136.663 136.9107 137.1151 137.2645 137.3776 137.4825 137.5921 137.7 137.7914 137.8546 137.8872 137.8985 137.902 137.9074 137.919 137.9356 137.9548 137.9782 138.0136 138.0737 138.1736 138.3192 138.4998 138.6937 138.8803 139.0506 139.2141 139.3901 139.5878 139.7941 139.981 140.1223 140.2058 140.2368 140.2301 140.2004 140.1579 140.1079 140.0499 139.9768 139.8792 139.7506 139.591 139.4025 139.1893 138.9662 138.7668 138.6438 138.6524 138.825 139.1521 139.5828 140.0491 140.4967 140.8984 141.2523 141.5705 141.8677
136.0204 136.0336 136.0949 136.2402 136.4744 136.7612 137.0428 137.2731 137.44 137.5633 137.6744 137.7911 137.9098 138.0155 138.0953 138.1469 138.1792 138.2054 138.2356 138.2721 138.3107 138.3462 138.3788 138.4169 138.4755 138.5713 138.7109 138.8845 139.0723 139.2564 139.4307 139.6064 139.8016 140.0197 140.2416 140.4365 140.5787 140.6577 140.6815 140.668 140.6329 140.5851 140.5287 140.4642 140.3876 140.2919 140.1711 140.0202 139.832 139.6006 139.333 139.0623 138.8494 138.7643 138.8548 139.1217 139.5162 139.9621 140.3914 140.7691 141.094 141.3862 141.669
136.0069 136.0278 136.1068 136.2816 136.5556 136.8865 137.2083 137.4677 137.6511 137.7801 137.8887 137.9998 138.1152 138.2225 138.3099 138.3767 138.4327 138.4912 138.5603 138.6377 138.7136 138.7776 138.8269 138.8694 138.9216 138.9995 139.1105 139.2497 139.4053 139.5667 139.7334 139.9175 140.1317 140.3709 140.6085 140.8101 140.9497 141.0204 141.034 141.0101 140.9648 140.9062 140.8379 140.7616 140.678 140.585 140.477 140.343 140.1674 139.9361 139.648 139.3321 139.0533 138.893 138.9117 139.1207 139.4757 139.8964 140.3041 140.6555 140.9507 141.2172 141.4861
135.9969 136.0279 136.1289 136.34 136.6617 137.0446 137.4133 137.7065 137.9064 138.0368 138.1356 138.2308 138.3301 138.4261 138.5111 138.5874 138.6673 138.7638 138.881 139.0103 139.1342 139.2354 139.3069 139.3553 139.3964 139.4452 139.5108 139.5963 139.7011 139.8254 139.9762 140.1651 140.3968 140.6562 140.91 141.119 141.2558 141.3168 141.3177 141.2792 141.217 141.1392 141.0498 140.9528 140.854 140.757 140.6573 140.5398 140.3826 140.164 139.8761 139.5419 139.2247 139.0113 138.9734 139.1329 139.4517 139.849 140.2386 140.5691 140.8398 141.084 141.34
135.9907 136.0346 136.1632 136.4188 136.7975 137.2407 137.6631 137.9949 138.2134 138.3432 138.4282 138.5016 138.576 138.6505 138.7234 138.8027 138.9032 139.0371 139.204 139.3877 139.5624 139.7041 139.8012 139.8575 139.8862 139.902 139.9174 139.9437 139.9919 140.0738 140.2038 140.3923 140.6354 140.9094 141.1746 141.3876 141.5197 141.569 141.554 141.4966 141.4118 141.3073 141.189 141.0646 140.9444 140.836 140.7371 140.6319 140.494 140.2958 140.0228 139.6922 139.3612 139.1157 139.0352 139.1537 139.4412 139.8191 140.1979 140.5191 140.777 141.0066 141.2525
135.9879 136.0481 136.2101 136.5176 136.9611 137.472 137.9537 138.328 138.5684 138.7003 138.772 138.8221 138.8678 138.9146 138.9685 139.0434 139.1571 139.3212 139.5309 139.7622 139.9814 140.1596 140.2821 140.3488 140.3693 140.3577 140.3302 140.3054 140.304 140.3475 140.4551 140.6355 140.8787 141.1546 141.4188 141.6254 141.7457 141.7787 141.7435 141.6628 141.5522 141.4199 141.273 141.1226 140.9817 140.8608 140.76 140.6644 140.5459 140.3727 140.125 139.8136 139.4877 139.2274 139.1156 139.1975 139.4546 139.8146 140.188 140.5115 140.7715 140.9991 141.2409
135.9871 136.0667 136.2663 136.6297 137.1416 137.7228 138.2653 138.6839 138.9499 139.0893 139.1529 139.1832 139.2019 139.2206 139.2523 139.3167 139.4342 139.6161 139.8537 140.1169 140.3666 140.5712 140.7142 140.7923 140.8116 140.7847 140.7305 140.6723 140.6374 140.6531 140.7398 140.9039 141.1327 141.3934 141.6394 141.8251 141.9239 141.9347 141.8758 141.7705 141.6365 141.4827 141.3167 141.1497 140.996 140.8677 140.767 140.6811 140.5828 140.4389 140.2254 139.946 139.6404 139.3804 139.2472 139.2945 139.5176 139.8548 140.2211 140.5511 140.824 141.0627 141.3097
135.9865 136.0868 136.325 136.7434 137.3201 137.9668 138.5661 139.0273 139.3211 139.474 139.5372 139.5557 139.5553 139.5515 139.5631 139.6142 139.7275 139.9131 140.1593 140.4333 140.6949 140.9119 141.0666 141.1545 141.1788 141.1502 141.0876 141.0168 140.968 140.9692 141.0391 141.1816 141.3834 141.6127 141.825 141.9783 142.0487 142.0351 141.9546 141.8303 141.6811 141.5171 141.3444 141.1725 141.0148 140.884 140.7847 140.708 140.63 140.5189 140.3482 140.1135 139.8436 139.5999 139.4584 139.4761 139.6605 139.9648 140.3137 140.6442 140.9309 141.1871 141.446
135.9847 136.105 136.379 136.8462 137.4781 138.1786 138.8241 139.3216 139.6422 139.8124 139.8831 139.9003 139.8922 139.8768 139.8756 139.9158 140.0205 140.198 140.4348 140.6994 140.9541 141.1681 141.3244 141.4176 141.45 141.4301 141.3749 141.31 141.2651 141.2649 141.3242 141.4445 141.613 141.8017 141.9725 142.0897 142.1324 142.0998 142.0072 141.8764 141.725 141.5623 141.3931 141.2236 141.065 140.9304 140.8277 140.7541 140.692 140.6129 140.4897 140.3106 140.0926 139.8851 139.7539 139.7531 139.8985 140.1601 140.478 140.7962 141.0877 141.3573 141.6267
