data/raw_data/rasters/lyr1_top_new.txt
ncols         372
nrows         289
xllcorner     426897.599538
yllcorner     6654704.081442
cellsize      2
NODATA_value  -9999
[rows 28 to 55 of 289, columns 189 to 251 of 372]
147.0805 146.8255 146.7167 146.845 147.202 147.6927 148.1886 148.5741 148.8064 148.93 149.0117 149.0887 149.1704 149.258 149.3391 149.3768 149.3243 149.1614 148.9141 148.6537 148.4614 148.3659 148.3377 148.3404 148.3538 148.3702 148.3887 148.4095 148.432 148.455 148.4785 148.5029 148.5278 148.5516 148.5733 148.5925 148.6109 148.6339 148.678 148.7774 148.9726 149.2819 149.6957 150.194 150.7416 151.2821 151.7467 152.079 152.2685 152.3571 152.3953 152.3999 152.3662 152.2954 152.2022 152.106 152.0171 151.9373 151.868 151.8089 151.7613 151.7263 151.7064
147.0083 146.7614 146.6846 146.858 147.2502 147.7545 148.2439 148.612 148.8302 148.9486 149.0315 149.1104 149.1906 149.2742 149.3589 149.4124 149.3842 149.2449 149.0118 148.7427 148.5175 148.3887 148.3415 148.336 148.3465 148.3622 148.3801 148.401 148.424 148.4472 148.4707 148.4952 148.5198 148.5434 148.5647 148.5829 148.6001 148.6214 148.6584 148.7364 148.8901 149.1391 149.4867 149.9334 150.4671 151.0374 151.5621 151.956 152.1868 152.2922 152.3343 152.3426 152.3169 152.2568 152.1729 152.0829 151.9991 151.9257 151.8622 151.8068 151.7601 151.7246 151.7024
146.9232 146.6984 146.6666 146.8879 147.3123 147.8253 148.2999 148.6419 148.8422 148.9551 149.0409 149.1239 149.204 149.2842 149.3701 149.4381 149.4382 149.3323 149.1236 148.8568 148.6088 148.4426 148.364 148.3396 148.3413 148.3543 148.3723 148.3937 148.4175 148.4411 148.4644 148.488 148.5118 148.5343 148.5539 148.5705 148.5869 148.6078 148.6399 148.6996 148.8118 148.9965 149.2699 149.655 150.1599 150.7478 151.3308 151.7986 152.0865 152.2192 152.2688 152.2817 152.2639 152.2155 152.1443 152.0652 151.9911 151.9252 151.8648 151.808 151.7583 151.7212 151.698
146.8371 146.6408 146.6638 146.9362 147.3902 147.9045 148.3549 148.6653 148.8455 148.9539 149.0419 149.1279 149.2077 149.287 149.376 149.4581 149.4883 149.4227 149.244 148.9844 148.7199 148.5177 148.4019 148.3519 148.3411 148.3501 148.3677 148.3892 148.4122 148.4351 148.4572 148.4791 148.5007 148.5217 148.5397 148.5549 148.5708 148.5918 148.6216 148.6696 148.7505 148.8811 149.086 149.4048 149.8668 150.4535 151.0782 151.6148 151.9677 152.1388 152.2026 152.2219 152.2136 152.1787 152.1226 152.0566 151.9915 151.931 151.8714 151.8117 151.758 151.7175 151.6918
146.7676 146.5993 146.6772 147.0017 147.4824 147.9903 148.4094 148.6857 148.8459 148.9492 149.0374 149.1235 149.2032 149.2842 149.3775 149.4702 149.524 149.4948 149.3508 149.1087 148.8354 148.6008 148.4452 148.3689 148.3462 148.3507 148.3658 148.3851 148.406 148.4265 148.4464 148.4652 148.4839 148.5028 148.5204 148.5354 148.5513 148.5722 148.602 148.6449 148.7077 148.8017 148.9524 149.2079 149.6172 150.1843 150.8292 151.4186 151.8345 152.0519 152.1364 152.164 152.167 152.1482 152.1084 152.0531 151.993 151.9335 151.8737 151.8132 151.7575 151.7131 151.6835
146.7175 146.5802 146.707 147.0753 147.576 148.0735 148.4612 148.7066 148.8492 148.9463 149.0321 149.1163 149.196 149.2779 149.3729 149.4716 149.5404 149.5374 149.4314 149.2209 148.9512 148.6879 148.493 148.3904 148.3557 148.3525 148.3629 148.3787 148.3964 148.4134 148.4294 148.4449 148.4607 148.4779 148.4955 148.5123 148.5295 148.5505 148.5797 148.6197 148.673 148.7465 148.8612 149.0658 149.4229 149.9583 150.6032 151.2241 151.6925 151.959 152.0713 152.1101 152.1233 152.1185 152.0911 152.0433 151.9853 151.925 151.8643 151.804 151.7484 151.7035 151.6725
146.6687 146.5743 146.7485 147.1517 147.663 148.1459 148.5046 148.7246 148.8541 148.9478 149.0323 149.112 149.1884 149.269 149.3622 149.4632 149.5423 149.5622 149.4939 149.3215 149.063 148.7787 148.5505 148.419 148.3654 148.3524 148.3573 148.3692 148.3827 148.3954 148.4074 148.4199 148.4341 148.4508 148.4697 148.4893 148.509 148.5301 148.5568 148.593 148.6405 148.7036 148.798 148.9683 149.2822 149.7785 150.4063 151.0396 151.546 151.8595 152.0064 152.0631 152.0851 152.0876 152.0663 152.0217 151.9628 151.8991 151.8353 151.7753 151.7234 151.6835 151.6569
146.5987 146.5675 146.8008 147.2375 147.75 148.208 148.535 148.7335 148.8573 148.9539 149.0398 149.1139 149.1832 149.2593 149.3487 149.4479 149.5361 149.5791 149.5457 149.4079 149.1646 148.8717 148.6146 148.4487 148.3717 148.3481 148.3483 148.3563 148.3657 148.3753 148.3852 148.3967 148.4109 148.4288 148.4496 148.4716 148.4931 148.5139 148.5374 148.5683 148.6102 148.6667 148.75 148.899 149.1783 149.6324 150.2292 150.8599 151.392 151.7461 151.9307 152.0104 152.0424 152.0482 152.0286 151.9833 151.9194 151.8499 151.7832 151.7251 151.6804 151.6512 151.6339
146.5092 146.5642 146.8694 147.3391 147.8435 148.2657 148.5557 148.7367 148.8604 148.9628 149.0517 149.1215 149.1828 149.252 149.3347 149.4288 149.5227 149.5859 149.5822 149.4745 149.2527 148.9588 148.6744 148.4722 148.3722 148.3408 148.3367 148.3411 148.3482 148.3576 148.3686 148.3814 148.3968 148.4159 148.4381 148.461 148.4826 148.5022 148.5225 148.5484 148.5844 148.6345 148.7097 148.8435 149.0914 149.4966 150.0455 150.6573 151.2079 151.6023 151.8268 151.933 151.9771 151.9869 151.968 151.9212 151.8549 151.7835 151.7178 151.664 151.6275 151.6089 151.6045
146.4329 146.5877 146.9644 147.4594 147.946 148.3266 148.5786 148.7434 148.8681 148.975 149.0648 149.1318 149.1867 149.2473 149.3211 149.4081 149.5018 149.5786 149.5983 149.5206 149.3269 149.0384 148.7311 148.495 148.3727 148.3336 148.3248 148.3257 148.3331 148.3445 148.3579 148.3726 148.3895 148.4091 148.4314 148.4546 148.476 148.4948 148.5124 148.5335 148.5632 148.6069 148.6743 148.7911 149.0031 149.3486 149.8307 150.4018 150.9604 151.4018 151.6804 151.8223 151.8813 151.8944 151.8759 151.8326 151.7738 151.7106 151.6512 151.604 151.5754 151.5669 151.5748
146.3984 146.65 147.0872 147.5958 148.0565 148.3925 148.6091 148.759 148.8833 148.9907 149.0778 149.1413 149.191 149.2441 149.31 149.3893 149.4794 149.5636 149.6037 149.5576 149.396 149.1238 148.8079 148.5434 148.39 148.3329 148.3179 148.3154 148.3229 148.3357 148.3502 148.366 148.3843 148.405 148.4273 148.4504 148.4719 148.4902 148.5059 148.5228 148.5468 148.5841 148.6412 148.7358 148.9032 149.1808 149.5849 150.0954 150.6438 151.1325 151.484 151.6801 151.7598 151.776 151.7601 151.7265 151.6843 151.638 151.5914 151.5534 151.5333 151.5337 151.5506
146.4133 146.7455 147.2255 147.7357 148.1631 148.4576 148.6471 148.7874 148.9096 149.0141 149.0939 149.1505 149.1946 149.2415 149.3008 149.3739 149.4608 149.552 149.6137 149.6009 149.4781 149.2378 148.9328 148.6445 148.4437 148.3491 148.3202 148.3126 148.3173 148.3289 148.3424 148.3589 148.3789 148.4013 148.4243 148.4472 148.468 148.485 148.4997 148.5148 148.5349 148.5656 148.6107 148.68 148.7995 149.0062 149.3292 149.7717 150.2959 150.8219 151.2503 151.5134 151.6246 151.6501 151.6417 151.6217 151.5984 151.5723 151.5438 151.5181 151.5052 151.5109 151.5319
146.4739 146.8665 147.3666 147.8597 148.2494 148.512 148.689 148.8276 148.9481 149.0466 149.1163 149.1633 149.1992 149.2376 149.2895 149.3582 149.4454 149.545 149.6292 149.6545 149.5804 149.3878 149.1069 148.7989 148.5425 148.3909 148.3316 148.3149 148.3146 148.3226 148.3345 148.3514 148.3734 148.398 148.4221 148.4442 148.4633 148.4794 148.4933 148.5082 148.5262 148.5509 148.5855 148.6343 148.7128 148.8533 149.0976 149.4733 149.9674 150.5136 151.003 151.3355 151.4919 151.5368 151.54 151.5347 151.5287 151.5212 151.5094 151.4958 151.4875 151.4938 151.5143
146.5741 147.0096 147.5082 147.9646 148.3122 148.554 148.7304 148.874 148.9937 149.0833 149.1406 149.1765 149.2036 149.2328 149.2766 149.3407 149.4268 149.5315 149.6353 149.6999 149.6807 149.5447 149.2983 148.9828 148.6765 148.458 148.3517 148.3187 148.3135 148.3178 148.3273 148.3438 148.3671 148.3938 148.4189 148.4397 148.4577 148.4734 148.4874 148.5022 148.5191 148.54 148.567 148.6028 148.655 148.7473 148.9253 149.2366 149.6909 150.2335 150.7594 151.1556 151.3692 151.4462 151.4667 151.4766 151.4862 151.4926 151.4919 151.4854 151.4788 151.4811 151.4966
146.7013 147.1701 147.6521 148.0589 148.363 148.5893 148.7707 148.9219 149.0402 149.1174 149.1594 149.1839 149.2035 149.2255 149.2617 149.3201 149.4023 149.5065 149.6207 149.7147 149.7444 149.6672 149.4671 149.1633 148.826 148.5452 148.3829 148.3238 148.3119 148.3135 148.3214 148.336 148.3591 148.3865 148.4122 148.4331 148.4506 148.4667 148.4813 148.4964 148.5134 148.5322 148.5545 148.5827 148.6222 148.6881 148.8186 149.0701 149.4709 149.9857 150.5237 150.9716 151.249 151.3713 151.4194 151.4479 151.4719 151.4895 151.4961 151.4926 151.4846 151.4795 151.4851
146.8448 147.336 147.7896 148.1443 148.41 148.6266 148.8132 148.9683 149.0789 149.1403 149.1681 149.1832 149.1968 149.2135 149.2432 149.2957 149.3732 149.4733 149.5878 149.6957 149.7608 149.7376 149.5923 149.3195 148.972 148.6448 148.4262 148.332 148.3094 148.3084 148.3141 148.3268 148.3481 148.3746 148.4007 148.4229 148.4412 148.4579 148.4745 148.4912 148.5087 148.5266 148.5457 148.569 148.6017 148.6541 148.7532 148.9511 149.2917 149.7632 150.2962 150.7845 151.1274 151.3055 151.3879 151.4377 151.476 151.5056 151.5212 151.5207 151.5091 151.4944 151.487
146.9906 147.4864 147.9068 148.2189 148.4591 148.6696 148.8584 149.0094 149.1043 149.1469 149.1623 149.1721 149.183 149.1976 149.2232 149.2709 149.3436 149.4381 149.5475 149.6585 149.7455 149.7678 149.6781 149.4472 149.1069 148.7491 148.4792 148.3457 148.3081 148.3031 148.306 148.3157 148.3343 148.3591 148.3853 148.4092 148.4299 148.4493 148.4688 148.4874 148.5049 148.5217 148.5386 148.5585 148.5864 148.6302 148.7075 148.861 149.1423 149.5637 150.0783 150.5936 150.9998 151.2422 151.3625 151.4313 151.4821 151.5239 151.5515 151.558 151.5449 151.5214 151.5006
147.1229 147.6089 147.9991 148.284 148.5117 148.7189 148.9041 149.0437 149.1193 149.1437 149.1487 149.1546 149.1644 149.1797 149.2063 149.2514 149.3189 149.4071 149.511 149.621 149.7198 149.7745 149.7335 149.5505 149.2365 148.8667 148.5504 148.3681 148.3074 148.2976 148.2988 148.3058 148.3203 148.342 148.3676 148.3932 148.4175 148.441 148.464 148.4843 148.5016 148.517 148.5317 148.5487 148.5726 148.6098 148.6715 148.7898 149.0171 149.385 149.8698 150.3967 150.8581 151.1696 151.3332 151.4184 151.4774 151.5278 151.567 151.586 151.5773 151.549 151.5185
147.2512 147.7154 148.0745 148.3411 148.5654 148.772 148.9496 149.0722 149.1281 149.139 149.1381 149.141 149.1492 149.1655 149.194 149.238 149.3018 149.3862 149.4855 149.592 149.6959 149.7719 149.7696 149.637 149.3649 149.0019 148.6479 148.409 148.3107 148.2917 148.2929 148.2989 148.3097 148.3281 148.3529 148.3798 148.4069 148.4337 148.4593 148.4813 148.4985 148.5124 148.5253 148.5398 148.56 148.5912 148.6414 148.7324 148.9112 149.2243 149.6715 150.1966 150.6992 151.0775 151.2912 151.3931 151.455 151.5088 151.5566 151.5886 151.5909 151.5646 151.5285
147.3995 147.8242 148.1474 148.3992 148.6232 148.8289 148.9952 149.0969 149.1349 149.1389 149.136 149.137 149.1441 149.1615 149.1912 149.234 149.2945 149.3747 149.4685 149.5704 149.6763 149.7679 149.7986 149.7133 149.4855 149.1412 148.7658 148.4746 148.3269 148.2879 148.2877 148.2943 148.3038 148.3198 148.3432 148.3707 148.3992 148.4274 148.4543 148.4776 148.495 148.5075 148.5189 148.5317 148.5489 148.575 148.6162 148.6862 148.8228 149.0805 149.4829 149.9931 150.5209 150.957 151.2282 151.3556 151.419 151.4709 151.5214 151.5621 151.5759 151.5564 151.5203
147.5699 147.9396 148.2246 148.4651 148.6887 148.8885 149.0376 149.1173 149.142 149.1434 149.1412 149.1416 149.1495 149.1688 149.1991 149.2412 149.2981 149.372 149.4588 149.5565 149.6635 149.7654 149.8239 149.784 149.6035 149.2852 148.9001 148.5613 148.3556 148.2864 148.2825 148.2916 148.3021 148.3167 148.3375 148.3638 148.3923 148.4208 148.4483 148.4725 148.4909 148.5029 148.5129 148.5243 148.5395 148.562 148.5961 148.6502 148.7518 148.9551 149.3033 149.7828 150.3185 150.8038 151.1398 151.3094 151.3815 151.4281 151.4746 151.5159 151.5349 151.5232 151.4936
147.7411 148.0549 148.3064 148.5396 148.7605 148.9487 149.0747 149.1324 149.1475 149.149 149.1489 149.1518 149.1619 149.1826 149.2135 149.2554 149.3098 149.3768 149.4581 149.553 149.6581 149.7637 149.8425 149.8459 149.7173 149.4339 149.0466 148.6637 148.3958 148.2864 148.2759 148.2894 148.3026 148.3159 148.3335 148.3572 148.3846 148.4129 148.4409 148.4664 148.4862 148.4989 148.508 148.518 148.5315 148.5514 148.5801 148.6226 148.6975 148.8513 149.1386 149.5722 150.1008 150.6226 151.0244 151.2505 151.3454 151.3895 151.4274 151.4622 151.4805 151.4762 151.458
147.8856 148.1569 148.3884 148.6171 148.8332 149.0044 149.1038 149.1409 149.1486 149.151 149.1551 149.1631 149.1768 149.1983 149.2287 149.2707 149.3232 149.3864 149.4644 149.5559 149.6566 149.7619 149.854 149.8899 149.8075 149.565 149.1918 148.7819 148.4564 148.2966 148.2699 148.2858 148.3016 148.3148 148.3301 148.3514 148.3774 148.4051 148.4331 148.4592 148.4803 148.4946 148.5039 148.5125 148.5245 148.5422 148.5671 148.6019 148.6579 148.7702 148.9973 149.3757 149.8807 150.4235 150.8826 151.1733 151.3054 151.3563 151.3866 151.4125 151.428 151.4314 151.4273
147.9891 148.2386 148.466 148.6947 148.9023 149.0501 149.1215 149.1409 149.1436 149.1479 149.157 149.171 149.189 149.2114 149.2413 149.2819 149.3332 149.3943 149.4693 149.5553 149.6493 149.7524 149.8512 149.9082 149.8639 149.6683 149.329 148.9174 148.5511 148.3332 148.2714 148.2814 148.2989 148.3135 148.3284 148.3475 148.3714 148.398 148.4252 148.4509 148.4727 148.4886 148.4989 148.5072 148.5179 148.5337 148.5561 148.5863 148.6295 148.7103 148.8834 149.2024 149.6682 150.2133 150.7177 151.0745 151.2567 151.326 151.3552 151.3753 151.3896 151.4011 151.4107
148.0625 148.3072 148.5408 148.771 148.9658 149.0862 149.1307 149.136 149.1361 149.1428 149.1563 149.1748 149.1968 149.2203 149.2489 149.2871 149.3355 149.394 149.4639 149.5425 149.6277 149.7246 149.8248 149.8984 149.8926 149.7521 149.4616 149.0708 148.6822 148.4077 148.2913 148.2806 148.2969 148.3129 148.3281 148.3452 148.3664 148.3908 148.4165 148.4416 148.4641 148.4818 148.4937 148.5023 148.5121 148.5262 148.5465 148.5737 148.6093 148.6683 148.7968 149.056 149.4717 150.0002 150.5351 150.9555 151.1983 151.2994 151.3376 151.3581 151.3739 151.3899 151.4064
148.1235 148.3692 148.6115 148.8421 149.0215 149.115 149.1371 149.1331 149.132 149.1411 149.1578 149.1791 149.202 149.2239 149.2491 149.2833 149.3284 149.3835 149.4466 149.5158 149.5918 149.6787 149.775 149.8624 149.8952 149.814 149.5836 149.2307 148.8416 148.5219 148.3417 148.2892 148.2957 148.3115 148.327 148.3429 148.3616 148.3836 148.4075 148.4318 148.4551 148.4746 148.4887 148.4981 148.5071 148.5197 148.5378 148.5627 148.5943 148.6399 148.7337 148.9373 149.296 149.7924 150.3395 150.8152 151.1266 151.2744 151.3307 151.3559 151.3719 151.3872 151.4042
148.185 148.4335 148.6842 148.9106 149.0686 149.1376 149.1451 149.1366 149.1355 149.1455 149.1637 149.1848 149.2037 149.2191 149.2379 149.2673 149.3096 149.3624 149.42 149.4803 149.5464 149.6227 149.713 149.8098 149.8747 149.8487 149.6858 149.3863 149.0145 148.6644 148.4215 148.3131 148.2952 148.3077 148.3236 148.3394 148.3569 148.3769 148.3989 148.4223 148.4454 148.4666 148.4835 148.4949 148.5037 148.5145 148.5301 148.5524 148.5817 148.6196 148.6881 148.8427 149.1416 149.5932 150.135 150.6537 151.0361 151.2433 151.3269 151.3574 151.3704 151.3808 151.3941
148.2549 148.5117 148.7677 148.9804 149.1098 149.1554 149.1551 149.1466 149.1464 149.1566 149.1736 149.1894 149.1979 149.202 149.2125 149.2371 149.2789 149.3322 149.3875 149.4428 149.5027 149.5716 149.6554 149.7559 149.842 149.8599 149.7585 149.5165 149.1696 148.8035 148.5131 148.3502 148.2993 148.3024 148.3185 148.3347 148.3515 148.37 148.3908 148.4135 148.4367 148.4588 148.4785 148.4926 148.5016 148.5107 148.5236 148.5431 148.5701 148.6032 148.6541 148.7673 149.007 149.406 149.928 150.4738 150.9217 151.196 151.3165 151.356 151.3659 151.3694 151.3761
