data/raw_data/rasters/lyr1_top_new_new_new.txt
ncols         372
nrows         289
xllcorner     426897.599538
yllcorner     6654704.081442
cellsize      2
NODATA_value  -9999
[rows 252 to 279 of 289, columns 189 to 251 of 372]
141.4662 141.8217 142.1765 142.5072 142.7999 143.0528 143.2732 143.473 143.6646 143.8569 144.0535 144.2536 144.4541 144.6522 144.8481 145.0462 145.2523 145.4697 145.6958 145.9211 146.1305 146.3095 146.4527 146.567 146.6678 146.7704 146.8825 147.0021 147.1232 147.2415 147.3546 147.4607 147.5597 147.6548 147.7541 147.8687 148.0074 148.1728 148.3613 148.5638 148.7662 148.9533 149.1157 149.2513 149.364 149.4605 149.5417 149.5937 149.5866 149.4836 149.2533 148.8841 148.3917 147.8211 147.2379 146.7116 146.305 146.0631 146.0004 146.0997 146.3266 146.6422 147.0175
141.5038 141.8505 142.1993 142.5294 142.826 143.0848 143.3101 143.5122 143.7034 143.8932 144.0864 144.2828 144.4796 144.6739 144.8671 145.0643 145.2701 145.4856 145.7072 145.9245 146.1234 146.2919 146.4274 146.5368 146.6342 146.7338 146.8424 146.9585 147.077 147.1929 147.303 147.4061 147.5033 147.5986 147.7003 147.8187 147.9606 148.1261 148.3102 148.5044 148.6971 148.8766 149.0362 149.1753 149.2969 149.4041 149.4913 149.5348 149.4964 149.3359 149.028 148.5766 148.0216 147.4286 146.8713 146.4158 146.1115 145.981 146.0192 146.2003 146.4905 146.8563 147.277
141.5269 141.8566 142.1938 142.521 142.823 143.0914 143.3261 143.5344 143.7278 143.9164 144.1059 144.2976 144.4901 144.683 144.8789 145.0815 145.2926 145.5108 145.7299 145.9388 146.1255 146.2825 146.4089 146.5119 146.604 146.6973 146.7981 146.9062 147.0181 147.1298 147.2378 147.3406 147.4395 147.539 147.6465 147.7705 147.9157 148.0809 148.26 148.445 148.6275 148.7997 148.957 149.0992 149.228 149.3415 149.4252 149.4468 149.3626 149.1348 148.7493 148.23 147.6381 147.0533 146.5515 146.1895 145.9967 145.9734 146.101 146.3506 146.6921 147.1012 147.5663
141.5485 141.856 142.177 142.498 142.804 143.0825 143.3286 143.5457 143.7431 143.9313 144.1175 144.3049 144.4947 144.6896 144.8925 145.1046 145.324 145.5459 145.7613 145.9596 146.1331 146.2786 146.3968 146.4941 146.5809 146.6669 146.758 146.8556 146.9586 147.0647 147.1706 147.2747 147.3775 147.4826 147.5965 147.7259 147.874 148.0391 148.2148 148.3933 148.5679 148.734 148.8893 149.0334 149.1651 149.2759 149.3421 149.3253 149.1815 148.8806 148.425 147.8599 147.2626 146.7188 146.2999 146.0473 145.9674 146.0415 146.2434 146.547 146.9292 147.3764 147.8827
141.5912 141.875 142.1769 142.4872 142.7913 143.0748 143.3291 143.5537 143.7551 143.9429 144.1264 144.3116 144.5027 144.7035 144.9161 145.1388 145.3657 145.5882 145.7959 145.9815 146.1422 146.2778 146.3904 146.485 146.5688 146.649 146.7312 146.8185 146.9122 147.0117 147.115 147.2198 147.3257 147.4353 147.5537 147.6868 147.8371 148.0028 148.1774 148.3532 148.5241 148.6871 148.8414 148.9855 149.1129 149.2073 149.2379 149.1645 148.9493 148.5755 148.0651 147.4821 146.9136 146.4436 146.1309 145.9962 146.0244 146.1833 146.4442 146.7876 147.2018 147.6821 148.2213
141.6738 141.937 142.2192 142.5137 142.8072 143.0854 143.3388 143.5649 143.7677 143.9552 144.1374 144.3239 144.5211 144.7317 144.9549 145.1862 145.4159 145.6326 145.8282 146.0002 146.1496 146.2782 146.3886 146.484 146.5681 146.6458 146.7221 146.8017 146.8875 146.9806 147.0798 147.1831 147.2893 147.4002 147.5202 147.6547 147.8064 147.9734 148.1492 148.3258 148.4972 148.6607 148.8154 148.956 149.0687 149.1299 149.1053 148.9579 148.6629 148.2233 147.6808 147.1117 146.6058 146.2382 146.0479 146.0322 146.1594 146.39 146.6963 147.0683 147.5083 148.0154 148.5747
141.8034 142.0529 142.317 142.5913 142.8647 143.1255 143.366 143.5842 143.7839 143.9715 144.1562 144.3486 144.5556 144.7775 145.01 145.2447 145.4695 145.674 145.8546 146.0135 146.1538 146.2787 146.3903 146.4891 146.576 146.6543 146.7287 146.8042 146.8848 146.9724 147.0668 147.166 147.2691 147.3779 147.4964 147.6301 147.782 147.9506 148.1292 148.3095 148.485 148.6523 148.8072 148.9377 149.0222 149.0318 148.9336 148.7002 148.3248 147.8338 147.2861 146.7636 146.3503 146.1054 146.0439 146.1416 146.3555 146.6448 146.9869 147.3829 147.8444 148.3696 148.9336
141.9739 142.2192 142.4684 142.7193 142.9645 143.1973 143.4141 143.6159 143.8079 143.9964 144.1884 144.3916 144.6102 144.8419 145.0788 145.3092 145.521 145.7088 145.8742 146.0219 146.1562 146.2803 146.3948 146.4977 146.5882 146.669 146.7447 146.8199 146.8983 146.9821 147.0712 147.1646 147.2622 147.3661 147.4807 147.6115 147.7625 147.9328 148.1154 148.3014 148.4835 148.6555 148.8064 148.9164 148.9571 148.8973 148.7113 148.3885 147.9438 147.4239 146.9005 146.4544 146.1561 146.0425 146.1058 146.3049 146.5913 146.9284 147.3034 147.7249 148.2054 148.7376 149.2889
142.1709 142.4202 142.6588 142.8852 143.0974 143.2948 143.4809 143.6618 143.8445 144.035 144.2378 144.455 144.685 144.9221 145.1557 145.3733 145.5671 145.7373 145.8894 146.0292 146.161 146.2863 146.4032 146.5087 146.6021 146.6858 146.7646 146.8424 146.9217 147.0035 147.088 147.1749 147.2654 147.3625 147.4713 147.5982 147.7478 147.9195 148.1067 148.2992 148.4874 148.6598 148.7973 148.8723 148.8527 148.7093 148.4294 148.0251 147.5337 147.0154 146.547 146.2022 146.0313 146.0463 146.2209 146.5054 146.8514 147.2307 147.6403 148.0906 148.5863 149.1123 149.6327
142.3764 142.6338 142.865 143.0687 143.2469 143.4067 143.5601 143.72 143.8951 144.09 144.305 144.5354 144.774 145.0105 145.2327 145.4316 145.606 145.761 145.9037 146.0402 146.1731 146.3003 146.4177 146.5232 146.6174 146.7036 146.786 146.8683 146.9509 147.0331 147.1143 147.1952 147.278 147.3671 147.4692 147.5915 147.7395 147.9125 148.1033 148.2999 148.4887 148.651 148.7599 148.7825 148.6866 148.4523 148.0849 147.62 147.1129 146.6318 146.2493 146.0246 145.9839 146.1164 146.3843 146.738 147.1348 147.555 148.0009 148.478 148.98 149.4845 149.9559
142.5714 142.8365 143.0611 143.2442 143.3915 143.5173 143.6419 143.7845 143.9559 144.1577 144.3842 144.6246 144.866 145.095 145.3005 145.4793 145.6369 145.7815 145.9203 146.0581 146.1942 146.323 146.4392 146.5423 146.6356 146.7231 146.8093 146.8968 146.9843 147.0688 147.1485 147.2244 147.3002 147.3815 147.4767 147.5947 147.7405 147.913 148.1031 148.2966 148.4744 148.6106 148.6722 148.6242 148.4405 148.1177 147.6829 147.1892 146.7041 146.2972 146.029 145.9361 146.0213 146.2573 146.6017 147.0108 147.4518 147.9114 148.3894 148.8825 149.3752 149.8404 150.247
142.7361 143.0054 143.222 143.3866 143.5089 143.6097 143.7148 143.8471 144.0187 144.2283 144.4639 144.7091 144.9469 145.1632 145.351 145.5131 145.6592 145.7994 145.9403 146.083 146.2226 146.3518 146.4657 146.5654 146.6562 146.7443 146.8341 146.9268 147.0195 147.1077 147.1879 147.2605 147.3304 147.4054 147.4954 147.6096 147.752 147.9193 148.1003 148.2778 148.4275 148.5176 148.5124 148.3806 148.1082 147.7121 147.2396 146.7561 146.3336 146.0353 145.9021 145.9451 146.1477 146.4741 146.8821 147.3358 147.8133 148.3046 148.802 149.2924 149.7545 150.162 150.4934
142.8514 143.1202 143.3276 143.4774 143.5837 143.6714 143.7692 143.9005 144.0764 144.2926 144.5329 144.777 145.0062 145.2082 145.3813 145.5325 145.6734 145.815 145.9624 146.1118 146.2543 146.3824 146.4933 146.5894 146.6775 146.7657 146.8585 146.9557 147.0534 147.1457 147.2275 147.2985 147.3644 147.4354 147.5226 147.6336 147.7696 147.9244 148.0839 148.2281 148.3289 148.3522 148.2652 148.0463 147.6984 147.2566 146.7833 146.3517 146.03 145.8667 145.8783 146.0531 146.3619 146.7664 147.2274 147.7168 148.2198 148.7266 149.2222 149.6855 150.0943 150.4302 150.6853
142.9042 143.1682 143.3675 143.5095 143.611 143.6987 143.8015 143.9411 144.1255 144.3466 144.5865 144.8241 145.0418 145.2309 145.3936 145.5395 145.6811 145.8286 145.9844 146.1405 146.2852 146.4116 146.519 146.6116 146.6974 146.7854 146.8802 146.9811 147.0831 147.1787 147.2623 147.3331 147.3974 147.467 147.553 147.6601 147.7849 147.9171 148.0399 148.1312 148.1628 148.1039 147.9298 147.6335 147.2351 146.7841 146.3517 146.0116 145.8208 145.8056 145.9594 146.2549 146.6561 147.1251 147.6282 148.1431 148.6568 149.1565 149.623 150.0343 150.3734 150.6336 150.8212
142.8908 143.1482 143.3432 143.4863 143.5951 143.6956 143.8144 143.9699 144.1655 144.3905 144.6263 144.8537 145.059 145.2376 145.3941 145.5393 145.6856 145.8415 146.0056 146.1674 146.3142 146.4389 146.5423 146.6313 146.7154 146.803 146.8988 147.002 147.1067 147.2044 147.2892 147.3608 147.426 147.4965 147.5818 147.6825 147.7894 147.8872 147.9567 147.9771 147.9247 147.778 147.5245 147.1721 146.7561 146.337 145.9872 145.7718 145.7282 145.8592 146.1418 146.5402 147.0159 147.5334 148.065 148.5915 149.0972 149.565 149.9772 150.3187 150.5826 150.7743 150.9097
142.8169 143.0687 143.265 143.4176 143.5446 143.6688 143.8123 143.9887 144.1973 144.4257 144.6561 144.8726 145.0662 145.2368 145.3903 145.5374 145.6903 145.8549 146.0266 146.1935 146.3425 146.4657 146.565 146.6501 146.7322 146.8193 146.9151 147.0189 147.1244 147.2229 147.3085 147.3818 147.4499 147.5228 147.6066 147.6971 147.7782 147.8294 147.8312 147.7674 147.6249 147.3954 147.0807 146.702 146.3065 145.9604 145.7296 145.6599 145.7649 146.0291 146.4193 146.8968 147.4242 147.9709 148.5139 149.0335 149.5095 149.9241 150.266 150.5317 150.7264 150.8642 150.9646
142.6931 142.9423 143.1462 143.3165 143.4697 143.6249 143.7986 143.9992 144.2222 144.4544 144.6799 144.8868 145.0713 145.236 145.388 145.5377 145.696 145.8675 146.0463 146.2188 146.3702 146.4921 146.5876 146.669 146.7486 146.8347 146.9301 147.033 147.1376 147.236 147.3228 147.3985 147.4703 147.546 147.6269 147.7024 147.7495 147.7433 147.6669 147.5135 147.2838 146.9855 146.635 146.2652 145.9304 145.6943 145.6069 145.6895 145.9342 146.3117 146.7837 147.3121 147.8648 148.4182 148.9517 149.4422 149.8679 150.2153 150.4828 150.6785 150.8176 150.919 151.0015
142.5325 142.7836 143.0015 143.1962 143.3812 143.571 143.777 144.0031 144.242 144.4793 144.7014 144.9015 145.0792 145.2393 145.3895 145.5398 145.7005 145.876 146.0604 146.2381 146.3919 146.5134 146.607 146.6857 146.7631 146.8484 146.9438 147.0458 147.1489 147.2469 147.3347 147.4127 147.4875 147.5645 147.6398 147.6947 147.6998 147.6282 147.4688 147.2282 146.9234 146.5782 146.2226 145.8992 145.6624 145.5629 145.6286 145.8586 146.2275 146.6949 147.2198 147.7698 148.3217 148.8579 149.3579 149.7973 150.1575 150.4331 150.6321 150.7715 150.8725 150.9553 151.0349
142.3484 142.6077 142.8458 143.0702 143.2903 143.5158 143.7538 144.0045 144.2586 144.5018 144.7228 144.9186 145.0917 145.2475 145.394 145.5414 145.6997 145.8746 146.0607 146.2411 146.3972 146.5204 146.615 146.694 146.7717 146.8582 146.9551 147.0577 147.1604 147.2579 147.3456 147.4236 147.4976 147.5711 147.6347 147.6622 147.6187 147.4784 147.2389 146.922 146.5624 146.1985 145.8727 145.6316 145.5206 145.5704 145.787 146.1515 146.6234 147.1538 147.7031 148.2489 148.7769 149.2722 149.7154 150.0864 150.3741 150.582 150.7252 150.8258 150.9075 150.9885 151.0778
142.1525 142.4269 142.6916 142.9499 143.2065 143.4673 143.7356 144.0081 144.2747 144.5228 144.7439 144.9376 145.1077 145.2594 145.4 145.5395 145.6893 145.8568 146.0381 146.2169 146.3751 146.5025 146.6023 146.6867 146.7703 146.8619 146.9628 147.0682 147.172 147.2682 147.3527 147.4253 147.4907 147.5505 147.5916 147.5827 147.4866 147.281 146.9735 146.6011 146.2146 145.8667 145.6069 145.4777 145.5079 145.707 146.0626 146.54 147.0873 147.653 148.2037 148.725 149.2087 149.6426 150.0119 150.306 150.5234 150.6741 150.7774 150.8582 150.9386 151.032 151.14
141.9566 142.2509 142.5474 142.8424 143.136 143.4304 143.7256 144.0153 144.29 144.5406 144.7621 144.9551 145.1238 145.272 145.4049 145.532 145.6669 145.8193 145.9882 146.1607 146.3199 146.4543 146.5643 146.6607 146.7562 146.8575 146.9651 147.0751 147.1803 147.2736 147.3499 147.4086 147.4531 147.4837 147.4867 147.4308 147.281 147.0208 146.6674 146.2707 145.895 145.6029 145.4438 145.4471 145.6216 145.9588 146.4306 146.9899 147.5806 148.1564 148.6903 149.1709 149.5934 149.9521 150.2414 150.461 150.6174 150.7254 150.8069 150.8858 150.98 151.0957 151.2277
141.7762 142.0904 142.4189 142.7508 143.0802 143.405 143.7218 144.0232 144.3015 144.5515 144.772 144.9651 145.1338 145.2791 145.4037 145.5162 145.6317 145.7632 145.9143 146.0767 146.2359 146.3796 146.505 146.6192 146.731 146.845 146.9611 147.0758 147.1815 147.2693 147.332 147.3666 147.3752 147.3583 147.3053 147.1917 146.9906 146.693 146.3248 145.9444 145.6245 145.4297 145.3995 145.5455 145.8575 146.311 146.866 147.47 148.0719 148.6346 149.1341 149.5593 149.91 150.1904 150.4049 150.5608 150.6708 150.7535 150.8309 150.9231 151.0412 151.1845 151.3424
141.6311 141.9604 142.3149 142.6782 143.0388 143.3888 143.7209 144.028 144.3049 144.5503 144.7672 144.9597 145.1289 145.2721 145.3892 145.4877 145.5832 145.6925 145.8244 145.9761 146.1358 146.291 146.4354 146.5704 146.7004 146.8275 146.9515 147.0691 147.1734 147.2538 147.298 147.2987 147.2567 147.1749 147.0508 146.8728 146.6271 146.3147 145.9679 145.6494 145.4308 145.3681 145.4847 145.7736 146.2075 146.7476 147.3472 147.9583 148.5412 149.0665 149.5126 149.8712 150.1485 150.3572 150.5089 150.6169 150.6985 150.7743 150.8636 150.9798 151.1267 151.2982 151.4794
141.5424 141.8797 142.25 142.634 143.0156 143.3816 143.721 144.0268 144.2961 144.5318 144.7412 144.9305 145.099 145.2407 145.3526 145.4407 145.5203 145.6109 145.7274 145.8718 146.0352 146.2045 146.3694 146.525 146.6714 146.8095 146.9387 147.0563 147.1563 147.2256 147.2465 147.2056 147.102 146.9446 146.7432 146.5029 146.2257 145.9249 145.6379 145.4239 145.3429 145.4337 145.7019 146.1233 146.655 147.247 147.8533 148.4378 148.9733 149.4372 149.8137 150.1009 150.3106 150.4594 150.5641 150.6429 150.7158 150.8017 150.9145 151.06 151.236 151.4318 151.6286
141.5284 141.8665 142.2411 142.6313 143.0183 143.3861 143.7217 144.0169 144.2712 144.4912 144.6882 144.87 145.0351 145.1758 145.2864 145.3703 145.4418 145.5221 145.6307 145.7745 145.9469 146.1331 146.3179 146.4913 146.6501 146.7948 146.9251 147.0387 147.1284 147.1789 147.1685 147.08 146.9114 146.6788 146.4073 146.1191 145.8336 145.576 145.3848 145.307 145.383 145.6319 146.0421 146.5737 147.1703 147.7781 148.3587 148.889 149.3529 149.7372 150.0358 150.2538 150.4054 150.5091 150.5852 150.6549 150.7371 150.8458 150.9881 151.1634 151.3643 151.5757 151.777
141.596 141.9289 142.2965 142.6778 143.0526 143.4055 143.7231 143.9969 144.228 144.4265 144.6062 144.7759 144.9355 145.0763 145.1902 145.2773 145.3502 145.4306 145.5408 145.6918 145.8784 146.0833 146.2863 146.4734 146.6396 146.7851 146.9105 147.0125 147.0812 147.0995 147.0459 146.9041 146.6744 146.3805 146.0611 145.755 145.4964 145.3181 145.2521 145.327 145.5617 145.9559 146.4821 147.088 147.7114 148.3021 148.8317 149.288 149.6654 149.9629 150.185 150.3417 150.4481 150.5237 150.5907 150.669 150.7731 150.911 151.0836 151.285 151.5025 151.718 151.9126
141.7337 142.0576 142.4087 142.7681 143.1163 143.4389 143.7249 143.9673 144.1686 144.3414 144.5006 144.6569 144.811 144.9543 145.0759 145.1728 145.2551 145.3442 145.4641 145.6285 145.8328 146.0564 146.2747 146.4712 146.6399 146.7801 146.8914 146.9688 147.0002 146.9686 146.8574 146.6575 146.377 146.0476 145.7175 145.4372 145.2496 145.1858 145.2647 145.4948 145.8744 146.3848 146.9859 147.6213 148.2332 148.7792 149.2398 149.6117 149.9002 150.116 150.2721 150.3807 150.4574 150.5227 150.5968 150.6953 150.8272 150.9951 151.1945 151.4139 151.6369 151.8458 152.0259
141.9149 142.227 142.5549 142.8835 143.1958 143.4792 143.7254 143.9312 144.1011 144.2487 144.3899 144.5355 144.6864 144.8342 144.9664 145.0764 145.1717 145.2735 145.4072 145.588 145.8108 146.0513 146.2814 146.4825 146.648 146.7755 146.8611 146.8972 146.8718 146.773 146.5932 146.3361 146.0221 145.6915 145.3968 145.1919 145.118 145.1959 145.4276 145.803 146.3008 146.8865 147.5143 148.1341 148.6999 149.1794 149.56 149.847 150.0558 150.205 150.311 150.3876 150.4509 150.5201 150.6112 150.7347 150.8948 151.0891 151.3074 151.5342 151.7524 151.9473 152.1098
