data/raw_data/rasters/lyr1_top.txt
ncols         744
nrows         578
xllcorner     426898.099538
yllcorner     6654704.581442
cellsize      1
NODATA_value  -9999
[rows 392 to 419 of 578, columns 567 to 629 of 744]
140.8363 141.1888 141.4802 141.8831 142.205 142.6426 143.0066 143.4494 143.8561 144.3253 144.7501 145.22 145.6204 146.0113 146.338 146.6443 146.8722 147.0995 147.2377 147.399 147.4851 147.6135 147.6912 147.8356 147.925 148.0782 148.1875 148.3096 148.427 148.5101 148.6051 148.6843 148.7395 148.8167 148.8421 148.8888 148.9064 148.9332 148.9607 148.9933 149.0288 149.0751 149.1133 149.1632 149.2039 149.2357 149.2684 149.2834 149.3007 149.3246 149.3347 149.3691 149.3844 149.4219 149.4507 149.4913 149.5241 149.5737 149.6064 149.6706 149.7241 149.8092 149.9027
140.9485 141.2741 141.6169 141.9647 142.3481 142.7184 143.137 143.5443 143.9904 144.4267 144.8831 145.2958 145.7154 146.0565 146.3938 146.6387 146.8956 147.0527 147.238 147.3479 147.4677 147.5858 147.6981 147.8388 147.9694 148.101 148.2349 148.3475 148.4683 148.5612 148.6572 148.728 148.798 148.8403 148.8779 148.9006 148.9207 148.9471 148.9783 149.0152 149.0587 149.101 149.1449 149.1844 149.2219 149.2522 149.2803 149.2977 149.3204 149.3342 149.3552 149.3796 149.4001 149.4404 149.4699 149.5228 149.563 149.6076 149.6594 149.6992 149.772 149.8373 149.928
141.0259 141.3822 141.6822 142.0799 142.4232 142.8431 143.2232 143.6615 144.0755 144.5566 144.9733 145.4187 145.786 146.1236 146.4021 146.6579 146.8424 147.0336 147.1477 147.3112 147.4016 147.5742 147.6821 147.8791 148.0087 148.1736 148.3105 148.4176 148.5328 148.6151 148.6861 148.7724 148.8056 148.8656 148.8839 148.9148 148.9389 148.9666 149.0007 149.0428 149.0802 149.1309 149.1711 149.2128 149.2511 149.2682 149.291 149.3057 149.3145 149.3459 149.3564 149.3963 149.4203 149.4665 149.507 149.5614 149.6026 149.6632 149.6974 149.7573 149.8079 149.8841 149.9712
141.1626 141.4783 141.817 142.1564 142.5588 142.9184 143.3488 143.7561 144.1935 144.6388 145.0716 145.479 145.849 146.1556 146.4372 146.6337 146.8377 146.9721 147.121 147.25 147.3822 147.5485 147.6962 147.8787 148.0441 148.196 148.3524 148.4598 148.584 148.6584 148.745 148.7939 148.845 148.8747 148.9021 148.9268 148.9536 148.9864 149.0264 149.0662 149.1134 149.1553 149.1945 149.2304 149.2606 149.282 149.3061 149.3156 149.3366 149.3535 149.3767 149.4119 149.444 149.4973 149.5449 149.6051 149.6618 149.707 149.7666 149.8045 149.8751 149.9346 150.0168
141.2367 141.5614 141.8802 142.2518 142.6145 143.0241 143.4133 143.8479 144.2568 144.7087 145.1018 145.5245 145.8443 146.1608 146.3812 146.61 146.7461 146.9355 147.0333 147.2178 147.3324 147.5491 147.7052 147.9252 148.0975 148.2638 148.4119 148.5195 148.6173 148.7076 148.7546 148.8275 148.85 148.8941 148.9157 148.943 148.9752 149.0093 149.0467 149.0957 149.135 149.184 149.2241 149.2499 149.2794 149.2884 149.2996 149.319 149.3231 149.3611 149.3802 149.4294 149.4718 149.5314 149.5895 149.6572 149.7121 149.7785 149.8195 149.8809 149.9301 150.0025 150.08
141.3314 141.6248 141.9636 142.2959 142.6956 143.0605 143.4897 143.8882 144.3064 144.7184 145.1 145.4789 145.7996 146.1013 146.3363 146.5438 146.7154 146.8658 147.0101 147.1758 147.3335 147.5355 147.7259 147.9249 148.1242 148.2804 148.4552 148.5597 148.6815 148.7444 148.8097 148.8434 148.8778 148.9018 148.9293 148.959 148.9931 149.032 149.0793 149.1202 149.1651 149.2029 149.2358 149.262 149.2857 149.2962 149.3156 149.323 149.3425 149.3672 149.3972 149.4488 149.4985 149.5671 149.637 149.7066 149.7773 149.8283 149.893 149.936 150.0063 150.0652 150.1372
141.4177 141.686 142.0102 142.3569 142.7131 143.1178 143.4955 143.9096 144.2982 144.687 145.0507 145.4328 145.7156 146.0501 146.225 146.4811 146.5875 146.8244 146.9352 147.1659 147.3308 147.5692 147.7831 147.9913 148.1944 148.3598 148.4988 148.6247 148.694 148.7859 148.8129 148.8622 148.8842 148.916 148.9463 148.9788 149.0158 149.0575 149.0964 149.1505 149.1915 149.2269 149.2623 149.2716 149.2881 149.297 149.2979 149.3293 149.335 149.3788 149.4136 149.4718 149.5359 149.6124 149.6881 149.7671 149.8328 149.9049 149.9513 150.0192 150.0659 150.1357 150.2018
141.4465 141.733 142.0378 142.368 142.7409 143.0969 143.4882 143.8617 144.2383 144.6166 144.9594 145.3048 145.6028 145.8864 146.135 146.3565 146.5478 146.743 146.928 147.1453 147.3626 147.5829 147.818 148.0192 148.2458 148.3911 148.5689 148.6589 148.7619 148.8088 148.8504 148.8779 148.9019 148.9304 148.9613 148.9968 149.0398 149.0819 149.1295 149.1698 149.2081 149.2406 149.2642 149.2793 149.2949 149.2995 149.3159 149.3289 149.3515 149.3893 149.4305 149.4974 149.5689 149.6507 149.7384 149.8172 149.8982 149.9572 150.0256 150.0727 150.1375 150.1943 150.2589
141.4901 141.7449 142.0486 142.379 142.7003 143.0816 143.4183 143.7969 144.1483 144.5147 144.853 145.2033 145.4711 145.8217 145.9958 146.3142 146.4471 146.7392 146.9064 147.1839 147.4153 147.6575 147.9151 148.1066 148.3133 148.4824 148.5956 148.7274 148.7689 148.8445 148.8616 148.894 148.9208 148.9481 148.9847 149.0235 149.0613 149.1092 149.1485 149.1958 149.2346 149.2496 149.2734 149.274 149.276 149.2963 149.2927 149.3382 149.3553 149.4073 149.4623 149.5309 149.6134 149.7032 149.7898 149.8781 149.9479 150.0267 150.0757 150.1451 150.1896 150.2605 150.3185
141.4827 141.7665 142.0326 142.3541 142.6735 142.9989 143.3385 143.6833 144.0298 144.3953 144.7289 145.0783 145.3887 145.6711 145.9626 146.1931 146.4611 146.6735 146.9505 147.187 147.4777 147.7127 147.9776 148.1817 148.4047 148.5352 148.6869 148.7541 148.8264 148.8563 148.8842 148.9092 148.9374 148.9691 149.0088 149.0465 149.093 149.1333 149.1757 149.2079 149.2364 149.2556 149.2705 149.2743 149.286 149.2943 149.3115 149.3395 149.3699 149.4279 149.4877 149.5693 149.6578 149.7486 149.8452 149.929 150.0127 150.0763 150.146 150.1947 150.2598 150.3133 150.3773
141.4969 141.7286 141.9978 142.3219 142.6014 142.9382 143.2288 143.5878 143.9036 144.2794 144.5977 144.9806 145.2569 145.6375 145.8676 146.2262 146.4388 146.7654 147.0139 147.3072 147.5923 147.837 148.0936 148.2806 148.4532 148.6173 148.6955 148.8076 148.8328 148.8844 148.9046 148.9298 148.9637 148.9948 149.033 149.0764 149.1138 149.1621 149.2008 149.2256 149.2553 149.2506 149.2592 149.2649 149.258 149.2976 149.3009 149.3571 149.3949 149.4601 149.5355 149.6159 149.7085 149.8078 149.8965 149.9901 150.0594 150.1407 150.1914 150.264 150.311 150.3804 150.4375
141.459 141.7257 141.9689 142.2603 142.5494 142.8369 143.1517 143.4775 143.807 144.1844 144.5241 144.8997 145.2599 145.5657 145.9313 146.1819 146.5414 146.7826 147.1165 147.3763 147.686 147.9324 148.1955 148.3826 148.5694 148.6751 148.7844 148.8275 148.876 148.8972 148.9238 148.9518 148.9865 149.0235 149.067 149.1056 149.1477 149.1815 149.2133 149.2318 149.248 149.2518 149.2605 149.263 149.2758 149.296 149.3203 149.3676 149.4163 149.4923 149.5746 149.6667 149.7689 149.8616 149.9615 150.0453 150.1272 150.1916 150.2641 150.3161 150.3844 150.4416 150.5079
141.4647 141.6821 141.927 142.2238 142.4782 142.7791 143.0439 143.4107 143.7085 144.135 144.4576 144.8822 145.1993 145.6092 145.9171 146.3049 146.6056 146.9615 147.272 147.5653 147.8559 148.0962 148.3065 148.486 148.6052 148.7455 148.7936 148.8683 148.8914 148.9236 148.9528 148.9821 149.019 149.0558 149.0912 149.1398 149.1756 149.2061 149.2378 149.2366 149.2494 149.2376 149.2314 149.2559 149.2509 149.3067 149.3312 149.3964 149.4613 149.5408 149.6323 149.7292 149.8244 149.9283 150.0146 150.1075 150.1758 150.2603 150.3148 150.3871 150.4389 150.515 150.5753
141.4482 141.6843 141.913 142.1684 142.4527 142.7299 143.0428 143.3712 143.7176 144.1128 144.4887 144.8904 145.2909 145.6485 146.0738 146.3909 146.7855 147.0809 147.4337 147.7094 148.0116 148.2304 148.4451 148.5912 148.7221 148.7962 148.8643 148.8943 148.9262 148.9497 148.9803 149.0124 149.0529 149.0912 149.1332 149.1671 149.1988 149.2213 149.2376 149.2393 149.2439 149.2375 149.2449 149.254 149.2736 149.3115 149.3512 149.4217 149.496 149.5868 149.6903 149.7888 149.8978 149.991 150.0863 150.1688 150.2506 150.3159 150.3896 150.4473 150.5209 150.582 150.6555
141.4585 141.6575 141.8914 142.1564 142.4008 142.7349 143.003 143.4133 143.7335 144.1823 144.5439 144.9927 145.3602 145.8173 146.179 146.6044 146.9522 147.3112 147.6326 147.902 148.1548 148.3748 148.5246 148.6846 148.7559 148.8572 148.8875 148.9304 148.9575 148.9822 149.0166 149.0493 149.0843 149.1277 149.1607 149.2008 149.2315 149.2365 149.2523 149.2341 149.2267 149.2257 149.2115 149.2562 149.2685 149.3352 149.3925 149.47 149.5613 149.6569 149.7573 149.8662 149.9577 150.0615 150.1423 150.2334 150.3016 150.3871 150.4456 150.5253 150.5839 150.6625 150.7296
141.4506 141.6744 141.8979 142.1514 142.4405 142.7441 143.0925 143.4574 143.8455 144.2613 144.6889 145.1027 145.5606 145.9488 146.4074 146.7731 147.1735 147.4972 147.8192 148.0872 148.3316 148.5064 148.6638 148.7662 148.8549 148.9003 148.9424 148.9639 148.9938 149.0188 149.0542 149.0878 149.1287 149.1658 149.1979 149.2241 149.2408 149.2493 149.2501 149.2384 149.2342 149.2296 149.2402 149.2637 149.2935 149.3573 149.4226 149.5155 149.6196 149.7191 149.8374 149.931 150.039 150.1254 150.2165 150.2982 150.375 150.4475 150.5251 150.59 150.6691 150.7372 150.8179
141.476 141.6679 141.8907 142.1802 142.4305 142.8339 143.1373 143.596 143.9679 144.4263 144.8464 145.3311 145.75 146.2387 146.6295 147.0555 147.4038 147.7421 148.0225 148.2548 148.4421 148.6287 148.7238 148.847 148.8888 148.9499 148.9763 149.0038 149.0353 149.06 149.0932 149.1298 149.1617 149.2052 149.2355 149.2538 149.2731 149.2564 149.2505 149.2366 149.2116 149.2362 149.2277 149.2834 149.3253 149.3973 149.4887 149.5829 149.6929 149.8044 149.9045 150.0117 150.0963 150.1925 150.2691 150.3603 150.4293 150.5204 150.5838 150.67 150.7349 150.8206 150.8942
141.4738 141.7016 141.9353 142.2286 142.5476 142.9049 143.2945 143.7094 144.1463 144.5908 145.0698 145.5189 146.0235 146.4402 146.9049 147.2682 147.6438 147.9254 148.2033 148.4063 148.6041 148.7228 148.8423 148.9034 148.9595 148.9881 149.0183 149.0432 149.0736 149.1052 149.1405 149.175 149.2081 149.2381 149.2593 149.2734 149.2762 149.2719 149.2616 149.2487 149.2465 149.2508 149.27 149.3097 149.3615 149.4459 149.5406 149.6486 149.7711 149.8738 149.9935 150.0773 150.1766 150.2549 150.3393 150.4204 150.5012 150.5797 150.6619 150.7342 150.8205 150.8941 150.9784
141.5053 141.7326 141.957 142.3134 142.5933 143.0537 143.4102 143.9035 144.3323 144.8311 145.2973 145.8147 146.2582 146.7582 147.1479 147.5379 147.8555 148.125 148.3504 148.5443 148.6759 148.8271 148.8869 148.9667 148.9969 149.0319 149.0602 149.087 149.1168 149.1488 149.1761 149.2167 149.2465 149.2729 149.2975 149.2916 149.295 149.279 149.2549 149.27 149.2425 149.2877 149.3025 149.3606 149.4364 149.5095 149.6254 149.7318 149.8463 149.9631 150.0535 150.156 150.2309 150.3201 150.3941 150.4837 150.5579 150.6518 150.7215 150.8134 150.8843 150.9727 151.05
141.5441 141.7987 142.0677 142.4087 142.7761 143.1775 143.614 144.0706 144.5613 145.0588 145.5889 146.075 146.5872 146.9978 147.4331 147.7438 148.0704 148.2906 148.5217 148.668 148.819 148.9004 148.9768 149.0139 149.0475 149.0723 149.1 149.1287 149.1618 149.1945 149.2268 149.258 149.2806 149.3008 149.3096 149.3147 149.3088 149.3033 149.296 149.2968 149.3053 149.3252 149.3627 149.4204 149.4972 149.5922 149.7049 149.8126 149.939 150.0328 150.1419 150.2183 150.3074 150.3839 150.4642 150.5477 150.6276 150.7099 150.7982 150.8727 150.9634 151.0384 151.1264
141.5891 141.8852 142.1399 142.5619 142.8995 143.3908 143.815 144.3376 144.8197 145.3716 145.8591 146.4096 146.8468 147.3098 147.6722 147.9834 148.2483 148.4625 148.6259 148.7865 148.8705 148.9799 149.0172 149.0618 149.0898 149.114 149.1427 149.1716 149.1967 149.2346 149.2592 149.2942 149.321 149.325 149.3384 149.3279 149.3172 149.3287 149.3019 149.3463 149.3378 149.3919 149.4393 149.4998 149.6003 149.6787 149.8002 149.905 150.009 150.1176 150.1934 150.2911 150.358 150.4497 150.5226 150.6101 150.6889 150.7789 150.856 150.95 151.0246 151.1111 151.1886
141.7012 142.0012 142.3249 142.7035 143.1352 143.5703 144.0772 144.5731 145.1263 145.6569 146.2119 146.6951 147.1775 147.5511 147.9248 148.1859 148.454 148.6224 148.7915 148.8942 148.9856 149.0351 149.0788 149.1053 149.131 149.1555 149.1844 149.2121 149.2434 149.2731 149.298 149.3225 149.337 149.3507 149.3543 149.3597 149.3593 149.3677 149.3749 149.3905 149.419 149.4545 149.5173 149.5897 149.6854 149.7858 149.8989 149.9988 150.1064 150.1885 150.2779 150.3531 150.4321 150.5128 150.5928 150.6776 150.7615 150.8414 150.9312 151.0034 151.0972 151.1699 151.2559
141.7924 142.1502 142.464 142.9311 143.3479 143.8587 144.3515 144.9068 145.4256 146.0104 146.5 147.041 147.4536 147.8444 148.152 148.4018 148.5938 148.7705 148.8689 148.9859 149.031 149.0914 149.1188 149.1449 149.1727 149.195 149.2203 149.2514 149.2738 149.3101 149.3349 149.3551 149.3748 149.3716 149.3741 149.3887 149.3764 149.4162 149.4092 149.4645 149.4929 149.5507 149.6275 149.6968 149.8036 149.8897 149.9954 150.0895 150.172 150.2686 150.3309 150.4278 150.4908 150.5819 150.6566 150.7424 150.8256 150.9104 150.9913 151.0797 151.1541 151.2396 151.3122
142.0026 142.3254 142.719 143.1332 143.6348 144.1172 144.68 145.2092 145.792 146.3172 146.8534 147.303 147.736 148.0632 148.3822 148.5894 148.7905 148.9055 149.0062 149.0663 149.1098 149.1394 149.1596 149.1851 149.2098 149.2355 149.2647 149.2889 149.3167 149.3402 149.3597 149.3787 149.39 149.4067 149.4179 149.4321 149.4503 149.4697 149.4996 149.5267 149.5804 149.6369 149.7196 149.8069 149.9054 150.0038 150.1014 150.1886 150.2712 150.3453 150.4179 150.4912 150.567 150.6458 150.7281 150.8102 150.8975 150.9774 151.0668 151.1377 151.2258 151.2954 151.3761
142.2036 142.5703 142.9564 143.4398 143.9243 144.4703 144.9975 145.5821 146.1077 146.6837 147.159 147.6295 148.0006 148.3174 148.5542 148.7668 148.8826 149.0193 149.0639 149.1275 149.1503 149.1758 149.1994 149.2203 149.2445 149.2695 149.2906 149.3227 149.3459 149.3725 149.3968 149.4088 149.421 149.4396 149.4403 149.4857 149.4886 149.5359 149.5643 149.616 149.6829 149.7505 149.8416 149.926 150.0184 150.107 150.1837 150.2668 150.3288 150.4166 150.4752 150.5671 150.6339 150.7211 150.7996 150.8834 150.9667 151.0485 151.1255 151.2104 151.2793 151.3566 151.4229
142.5253 142.8602 143.2816 143.7348 144.2776 144.798 145.3851 145.9212 146.492 146.9877 147.4823 147.8711 148.2498 148.5086 148.7659 148.9053 149.0426 149.1077 149.1567 149.187 149.1988 149.2183 149.2351 149.2564 149.2821 149.3056 149.332 149.3557 149.3783 149.4037 149.4199 149.4439 149.4608 149.4877 149.5151 149.5377 149.5747 149.5998 149.6536 149.6969 149.7747 149.8512 149.9439 150.0363 150.1238 150.2089 150.283 150.3576 150.4239 150.4945 150.5624 150.6356 150.7137 150.7906 150.8767 150.9577 151.0431 151.1215 151.2048 151.2717 151.3504 151.4129 151.4837
142.8788 143.1949 143.6295 144.1139 144.6235 145.1965 145.7202 146.3053 146.8135 147.3337 147.773 148.1429 148.4526 148.7057 148.8691 149.0431 149.0988 149.1903 149.2034 149.2255 149.2409 149.2498 149.2723 149.291 149.3107 149.3386 149.3573 149.3883 149.412 149.4296 149.4512 149.4794 149.4913 149.5436 149.5555 149.6097 149.6379 149.6826 149.744 149.7964 149.8853 149.9641 150.0528 150.1416 150.212 150.2991 150.3515 150.4327 150.4847 150.5648 150.6288 150.7128 150.7885 150.874 150.9556 151.0434 151.1208 151.201 151.2678 151.3402 151.4001 151.4688 151.5279
143.3187 143.6444 144.064 144.5131 145.0538 145.5723 146.1368 146.656 147.1786 147.6262 148.0513 148.3712 148.6754 148.8583 149.0475 149.1292 149.2145 149.2404 149.2583 149.2686 149.273 149.2894 149.3065 149.3265 149.3498 149.3707 149.393 149.4137 149.4352 149.466 149.4883 149.5268 149.5572 149.5971 149.6403 149.6682 149.7225 149.757 149.8286 149.8942 149.9791 150.0652 150.1494 150.2333 150.3074 150.3771 150.4423 150.5069 150.5704 150.6397 150.7101 150.7862 150.8697 150.9515 151.0419 151.1229 151.2057 151.2772 151.3468 151.4044 151.47 151.5218 151.5817
