data/raw_data/rasters/lyr1_top.txt
ncols         744
nrows         578
xllcorner     426898.099538
yllcorner     6654704.581442
cellsize      1
NODATA_value  -9999
[rows 504 to 531 of 578, columns 252 to 314 of 744]
136.4705 136.498 136.5237 136.548 136.5557 136.5551 136.5296 136.4889 136.4521 136.4015 136.3781 136.3609 136.3663 136.3987 136.4202 136.4727 136.5241 136.5671 136.5973 136.6128 136.6179 136.6004 136.5983 136.5583 136.5737 136.5394 136.507 136.5107 136.4614 136.5029 136.5387 136.576 136.6573 136.6648 136.6867 136.6966 136.7042 136.7336 136.7493 136.7898 136.8193 136.8545 136.8922 136.9188 136.9512 136.9704 136.9903 137.0072 137.0248 137.0422 137.0652 137.0845 137.1089 137.1353 137.168 137.1988 137.2311 137.2621 137.3026 137.3326 137.3746 137.4052 137.4485
136.455 136.4814 136.5108 136.5264 136.5395 136.53 136.5027 136.4784 136.418 136.3979 136.3519 136.3361 136.3503 136.3548 136.4178 136.4545 136.5075 136.5616 136.5926 136.6247 136.632 136.6214 136.6063 136.5925 136.5601 136.5544 136.5274 136.5172 136.5315 136.5258 136.5661 136.5906 136.6327 136.6785 136.6965 136.7229 136.7306 136.7511 136.7726 136.8035 136.8329 136.8671 136.8946 136.9264 136.9434 136.9675 136.9797 136.9942 137.0056 137.0223 137.0412 137.0611 137.0904 137.108 137.1452 137.1682 137.2103 137.2426 137.2823 137.3167 137.3599 137.3949 137.4356
136.447 136.4736 136.4985 136.5191 136.5208 136.511 136.4817 136.4372 136.4037 136.3595 136.3358 136.3275 136.327 136.366 136.3957 136.4444 136.5041 136.5394 136.5851 136.6099 136.6273 136.6356 136.613 136.592 136.6038 136.5671 136.5677 136.55 136.5021 136.5264 136.5192 136.5674 136.6412 136.6662 136.7213 136.732 136.7435 136.7663 136.7748 136.8068 136.828 136.8574 136.8828 136.9064 136.9224 136.9396 136.9369 136.9516 136.9635 136.9777 136.9966 137.0113 137.041 137.0645 137.0964 137.1241 137.1669 137.1955 137.2517 137.2828 137.3371 137.3726 137.4199
136.4328 136.4591 136.4865 136.499 136.5048 136.4879 136.4544 136.4291 136.373 136.3542 136.3187 136.3029 136.323 136.334 136.3934 136.4334 136.4822 136.5358 136.5699 136.6135 136.6249 136.6313 136.6239 136.6101 136.5771 136.573 136.5405 136.5371 136.5339 136.523 136.5502 136.5622 136.6052 136.651 136.6846 136.7234 136.7453 136.7586 136.7857 136.7969 136.823 136.8396 136.8544 136.8737 136.8697 136.8833 136.8826 136.8901 136.8951 136.9038 136.9228 136.9421 136.969 136.9886 137.0314 137.0544 137.1083 137.1455 137.2019 137.2431 137.3004 137.3426 137.3954
136.4252 136.4527 136.4776 136.4944 136.4877 136.4689 136.4388 136.3899 136.3583 136.3181 136.3048 136.3039 136.3053 136.3503 136.3822 136.4299 136.4898 136.5191 136.5657 136.5928 136.6101 136.6331 136.6045 136.6032 136.595 136.5609 136.5717 136.5374 136.5143 136.5219 136.483 136.534 136.5701 136.6159 136.6865 136.7018 136.7371 136.7467 136.7637 136.7798 136.796 136.8134 136.8237 136.8357 136.8214 136.8282 136.8114 136.8184 136.823 136.8319 136.855 136.8704 136.8989 136.9251 136.9503 136.983 137.0359 137.0731 137.148 137.189 137.2661 137.3118 137.372
136.4122 136.4398 136.4655 136.4743 136.4734 136.4519 136.41 136.3839 136.332 136.3114 136.291 136.2774 136.315 136.3341 136.3939 136.4382 136.4742 136.5214 136.5396 136.5792 136.5895 136.6062 136.6128 136.6033 136.575 136.5616 136.5147 136.5138 136.49 136.4764 136.499 136.4962 136.5391 136.5772 136.6141 136.6582 136.6888 136.7094 136.7408 136.7415 136.7712 136.7692 136.7794 136.7744 136.7604 136.7581 136.7453 136.7397 136.742 136.7428 136.7652 136.7852 136.8051 136.8336 136.8605 136.9053 136.9441 137.0025 137.0636 137.1285 137.2013 137.262 137.3344
136.4042 136.433 136.4569 136.4694 136.4583 136.4328 136.4005 136.3492 136.3201 136.283 136.2838 136.2895 136.3075 136.3558 136.3899 136.4384 136.4825 136.5101 136.543 136.5632 136.5779 136.5986 136.5859 136.5949 136.5635 136.5306 136.5197 136.4762 136.4792 136.4707 136.4366 136.4759 136.4738 136.5306 136.5994 136.6236 136.6728 136.6801 136.6997 136.7074 136.7243 136.7309 136.7294 136.7224 136.7041 136.6902 136.6661 136.6571 136.6612 136.6645 136.6937 136.714 136.7449 136.7736 136.7914 136.8347 136.8757 136.9317 137.007 137.0695 137.1583 137.2231 137.3096
136.3916 136.4198 136.4434 136.4505 136.4449 136.4216 136.3749 136.3506 136.3054 136.2856 136.2824 136.2731 136.3255 136.3575 136.414 136.4607 136.4851 136.5218 136.5254 136.5545 136.5622 136.5744 136.5885 136.5732 136.556 136.5256 136.4738 136.4561 136.4213 136.4109 136.4317 136.4241 136.4734 136.5028 136.5386 136.591 136.607 136.6385 136.6479 136.6629 136.6762 136.6733 136.6726 136.6582 136.6411 136.6268 136.6147 136.5931 136.6039 136.5957 136.6263 136.649 136.6722 136.7152 136.733 136.7869 136.8125 136.8866 136.9334 137.0204 137.0889 137.1801 137.2545
136.3831 136.4125 136.4341 136.4428 136.4296 136.3986 136.3696 136.3206 136.2982 136.2711 136.2882 136.3055 136.3379 136.3902 136.4289 136.4747 136.5063 136.5302 136.5463 136.5551 136.5669 136.5726 136.5675 136.5694 136.529 136.4942 136.4711 136.424 136.4234 136.401 136.3989 136.4203 136.4047 136.4612 136.5125 136.5493 136.5943 136.61 136.6264 136.6384 136.6416 136.6454 136.6299 136.6069 136.5953 136.5627 136.5607 136.5403 136.5557 136.5613 136.5865 136.6133 136.654 136.6816 136.7068 136.7493 136.786 136.8499 136.9012 136.983 137.0584 137.1437 137.2358
136.3716 136.3991 136.4208 136.4233 136.4129 136.3931 136.3447 136.3313 136.2966 136.2872 136.3 136.3025 136.3653 136.4049 136.4597 136.5065 136.5302 136.5543 136.5589 136.5686 136.5692 136.5663 136.569 136.5446 136.5308 136.496 136.4483 136.4252 136.3873 136.3759 136.3817 136.3779 136.4241 136.4509 136.4853 136.5381 136.5469 136.5889 136.5877 136.6024 136.6021 136.5957 136.5816 136.5678 136.5454 136.5365 136.5306 136.519 136.5416 136.538 136.5751 136.6073 136.636 136.6832 136.7032 136.7603 136.7856 136.8518 136.8916 136.9685 137.0293 137.1239 137.1924
136.3625 136.3917 136.41 136.4143 136.4012 136.3668 136.3421 136.3017 136.2929 136.2855 136.3101 136.3468 136.3897 136.4467 136.499 136.5363 136.5661 136.5777 136.585 136.5792 136.5826 136.5722 136.5603 136.5488 136.5094 136.4787 136.4512 136.4091 136.4035 136.3776 136.3785 136.3901 136.3847 136.4293 136.4541 136.495 136.5359 136.5586 136.5762 136.5908 136.5789 136.5786 136.549 136.5179 136.5204 136.4879 136.5143 136.5063 136.5345 136.56 136.5825 136.6212 136.6671 136.6909 136.7321 136.7615 136.7958 136.8477 136.8838 136.9635 137.0155 137.1047 137.1822
136.3527 136.3783 136.3976 136.3985 136.3806 136.3638 136.3172 136.3171 136.294 136.297 136.329 136.3436 136.4164 136.4715 136.5276 136.5758 136.6003 136.6141 136.6179 136.6116 136.6001 136.5835 136.5688 136.5468 136.5295 136.4993 136.4626 136.4439 136.4055 136.3949 136.3829 136.3789 136.4115 136.4274 136.466 136.4974 136.5208 136.5588 136.5641 136.5797 136.5693 136.5608 136.5343 136.5225 136.4978 136.5021 136.5142 136.5236 136.5633 136.5868 136.6351 136.6758 136.7065 136.7475 136.7747 136.8089 136.8449 136.8792 136.9279 136.9801 137.0421 137.1118 137.1702
136.343 136.371 136.3862 136.3868 136.3703 136.3331 136.3169 136.287 136.2949 136.3097 136.3349 136.3923 136.4389 136.5035 136.5741 136.6033 136.6376 136.6377 136.6417 136.6289 136.6235 136.6067 136.5821 136.5621 136.5308 136.5057 136.4855 136.456 136.4404 136.4215 136.401 136.4092 136.4063 136.435 136.4607 136.4931 136.528 136.5469 136.5639 136.5737 136.5546 136.5482 136.5167 136.4912 136.512 136.5017 136.5478 136.5713 136.6106 136.6648 136.69 136.7397 136.787 136.806 136.8521 136.8599 136.8914 136.9157 136.9426 136.9979 137.0323 137.1037 137.156
136.3339 136.3581 136.3752 136.3715 136.3493 136.3367 136.2962 136.3051 136.2959 136.3087 136.3578 136.3892 136.4682 136.535 136.5897 136.6436 136.6631 136.6735 136.671 136.6608 136.6452 136.6273 136.609 136.5847 136.5658 136.5449 136.5227 136.4991 136.4611 136.4528 136.4285 136.4355 136.4444 136.4479 136.4876 136.5044 136.5408 136.5545 136.5713 136.5634 136.5631 136.5452 136.5321 136.5306 136.5208 136.5418 136.5662 136.6031 136.6523 136.7079 136.7626 136.8238 136.8522 136.8919 136.9054 136.9238 136.9418 136.9514 136.9931 137.015 137.0774 137.1116 137.171
136.326 136.3518 136.3624 136.3582 136.3403 136.302 136.2977 136.2791 136.2983 136.3314 136.365 136.4374 136.4854 136.5555 136.6302 136.6571 136.695 136.6928 136.6931 136.6818 136.6709 136.6538 136.6288 136.6047 136.5813 136.562 136.5452 136.5278 136.5062 136.4929 136.4642 136.4686 136.4616 136.4809 136.506 136.5307 136.5643 136.5721 136.5918 136.5832 136.5582 136.5361 136.5225 136.506 136.54 136.5602 136.6041 136.6616 136.7038 136.7793 136.8282 136.8834 136.9315 136.9521 136.9838 136.9855 137.0047 137.0098 137.0281 137.0534 137.0812 137.1219 137.155
136.3184 136.3387 136.352 136.345 136.3189 136.3125 136.2772 136.2924 136.3015 136.3211 136.3921 136.4341 136.5179 136.5907 136.6333 136.6891 136.6979 136.7121 136.7087 136.6998 136.6874 136.6704 136.6472 136.629 136.6034 136.5873 136.5752 136.5457 136.5215 136.5044 136.4903 136.4939 136.5003 136.4915 136.5337 136.5395 136.577 136.5895 136.5899 136.5788 136.5589 136.5513 136.5373 136.5486 136.5563 136.5825 136.6294 136.6811 136.745 136.8177 136.8796 136.9464 136.9799 137.0169 137.0222 137.0345 137.0351 137.0384 137.0551 137.0645 137.1044 137.1184 137.163
136.3113 136.3342 136.3389 136.33 136.3158 136.2803 136.2812 136.2726 136.3017 136.3463 136.397 136.4771 136.5311 136.5996 136.6619 136.6884 136.7196 136.7217 136.7263 136.7191 136.7083 136.6916 136.6695 136.6452 136.6208 136.6063 136.5737 136.5598 136.5441 136.5253 136.5108 136.5018 136.4975 136.5055 136.5162 136.5419 136.5791 136.5916 136.5993 136.5829 136.5554 136.526 136.5415 136.5389 136.5741 136.6181 136.6553 136.7298 136.7847 136.8598 136.9286 136.9741 137.0199 137.0382 137.0567 137.0614 137.0679 137.0695 137.0853 137.0968 137.116 137.137 137.1558
136.3034 136.3203 136.3288 136.3218 136.295 136.2917 136.2638 136.2814 136.3092 136.3327 136.4188 136.4703 136.5553 136.6322 136.6622 136.7109 136.7147 136.7287 136.7297 136.7252 136.7166 136.7003 136.6749 136.6594 136.6276 136.6063 136.5882 136.5517 136.536 136.5177 136.505 136.5114 136.5075 136.499 136.5219 136.5256 136.5578 136.5793 136.5762 136.5749 136.5517 136.5511 136.5438 136.5566 136.5877 136.6176 136.6831 136.7443 136.8221 136.8943 136.9577 137.0083 137.0393 137.0635 137.0701 137.0791 137.0797 137.088 137.0948 137.1069 137.1246 137.1361 137.1611
136.2972 136.3169 136.3145 136.3008 136.2909 136.2606 136.2688 136.2705 136.307 136.3608 136.4183 136.5004 136.5663 136.6258 136.6791 136.7018 136.7267 136.7323 136.7384 136.7354 136.7297 136.7126 136.6995 136.6722 136.6528 136.6371 136.5779 136.5598 136.5267 136.5026 136.5099 136.4937 136.4981 136.5012 136.4807 136.5177 136.5347 136.559 136.5708 136.5497 136.5568 136.5329 136.5721 136.586 136.6112 136.6673 136.7025 136.7805 136.8519 136.9125 136.985 137.0148 137.0526 137.0651 137.0777 137.0837 137.0904 137.095 137.1087 137.1186 137.1344 137.1489 137.1626
136.2868 136.301 136.3043 136.2981 136.2676 136.275 136.2548 136.2801 136.3178 136.343 136.4366 136.4929 136.5786 136.6502 136.6819 136.7213 136.7285 136.7382 136.7445 136.7379 136.7405 136.7255 136.711 136.6963 136.6598 136.6403 136.6025 136.5612 136.526 136.5031 136.4858 136.4939 136.4836 136.4802 136.4909 136.4926 136.5106 136.531 136.5371 136.5535 136.5528 136.5632 136.5745 136.5971 136.6394 136.6773 136.744 136.8049 136.8807 136.9478 136.9964 137.0345 137.0568 137.0737 137.082 137.0936 137.0995 137.1086 137.118 137.1305 137.1461 137.1617 137.1783
136.2792 136.2952 136.2901 136.2724 136.2677 136.2454 136.2574 136.2749 136.3128 136.377 136.4346 136.5152 136.5994 136.6469 136.703 136.7166 136.7354 136.7407 136.7423 136.7438 136.7473 136.7326 136.7396 136.7106 136.6934 136.6717 136.5972 136.571 136.5185 136.4906 136.4964 136.4808 136.4953 136.4973 136.4669 136.5018 136.496 136.522 136.5509 136.5373 136.5826 136.5776 136.6131 136.6428 136.6626 136.7237 136.7625 136.8351 136.9111 136.9576 137.0141 137.0374 137.0697 137.0811 137.0957 137.1021 137.1112 137.1172 137.1318 137.1423 137.1588 137.1744 137.1934
136.2679 136.2786 136.2787 136.2725 136.2421 136.2563 136.2475 136.2772 136.3231 136.3558 136.454 136.5179 136.5979 136.6683 136.7013 136.7372 136.7426 136.7489 136.7552 136.7518 136.7628 136.7536 136.7486 136.7341 136.7024 136.6796 136.642 136.5936 136.5519 136.5151 136.4917 136.4932 136.4826 136.4813 136.5008 136.5005 136.5248 136.5428 136.5561 136.5855 136.5864 136.6205 136.6311 136.6668 136.7024 136.7467 136.808 136.8742 136.9317 136.9891 137.0225 137.0548 137.0739 137.0963 137.1084 137.122 137.1293 137.1396 137.1468 137.1608 137.1767 137.1956 137.2142
136.2592 136.2708 136.2656 136.2447 136.2441 136.2266 136.241 136.2713 136.3132 136.388 136.4479 136.5311 136.6225 136.6646 136.7286 136.7357 136.75 136.7557 136.7553 136.7653 136.7748 136.7727 136.7799 136.7522 136.7398 136.7029 136.6495 136.6122 136.5642 136.536 136.5108 136.498 136.5149 136.516 136.5108 136.5326 136.537 136.5572 136.5873 136.5909 136.6353 136.6506 136.6687 136.7095 136.7346 136.7936 136.8411 136.9012 136.9641 137.0029 137.0447 137.0687 137.0973 137.1107 137.1322 137.1395 137.1521 137.1608 137.1712 137.1837 137.1986 137.2156 137.238
136.2482 136.2553 136.2513 136.2459 136.2152 136.2309 136.2292 136.2612 136.3201 136.3616 136.469 136.5408 136.6163 136.6899 136.7146 136.7508 136.7515 136.7634 136.7732 136.7851 136.8002 136.7942 136.7908 136.7717 136.7427 136.7213 136.6913 136.6486 136.6178 136.5721 136.5495 136.534 136.524 136.5236 136.5498 136.5583 136.5917 136.6156 136.6297 136.6562 136.6503 136.6807 136.695 136.7328 136.7731 136.8278 136.8885 136.9482 136.9924 137.0337 137.0624 137.0936 137.1135 137.1378 137.1495 137.1689 137.1764 137.1901 137.1983 137.2121 137.2256 137.2429 137.2626
136.2384 136.2452 136.2389 136.2158 136.2155 136.2014 136.2157 136.2527 136.3048 136.3873 136.4606 136.5477 136.6384 136.6816 136.7406 136.7478 136.768 136.7751 136.7843 136.8046 136.8094 136.8232 136.8163 136.796 136.7907 136.7462 136.7236 136.6776 136.6342 136.6058 136.5609 136.5531 136.5633 136.5664 136.5872 136.5981 136.6102 136.626 136.6525 136.672 136.6972 136.7252 136.7359 136.7785 136.8223 136.8701 136.9239 136.9673 137.0135 137.0491 137.0847 137.1113 137.1387 137.1549 137.1794 137.1902 137.2053 137.216 137.2245 137.2382 137.2507 137.2674 137.2879
136.2284 136.2316 136.2223 136.216 136.183 136.1987 136.2031 136.2388 136.314 136.3623 136.4799 136.5577 136.6327 136.707 136.7253 136.7638 136.7674 136.79 136.8049 136.8237 136.8379 136.8431 136.8371 136.828 136.7962 136.7813 136.7445 136.7104 136.6801 136.6355 136.6208 136.5991 136.5979 136.6029 136.6276 136.6365 136.6665 136.681 136.6944 136.725 136.7281 136.758 136.7857 136.8232 136.8739 136.9148 136.9706 137.0037 137.0469 137.0766 137.1104 137.1395 137.1619 137.1853 137.1987 137.2163 137.2277 137.2432 137.2535 137.2672 137.2794 137.2944 137.3108
136.217 136.2192 136.2106 136.186 136.184 136.1724 136.1888 136.229 136.289 136.378 136.4665 136.5581 136.6519 136.6986 136.7531 136.7638 136.7937 136.8014 136.819 136.8432 136.8455 136.8693 136.8567 136.8503 136.8474 136.8089 136.7969 136.7479 136.7077 136.6808 136.6331 136.6317 136.633 136.6416 136.6649 136.6737 136.6983 136.7138 136.7289 136.7567 136.7719 136.8024 136.8231 136.8588 136.9126 136.9456 136.9955 137.0263 137.0653 137.0977 137.1291 137.1557 137.1806 137.1992 137.2229 137.2354 137.2533 137.2633 137.2758 137.2888 137.3009 137.3174 137.3329
136.2064 136.2073 136.1922 136.1853 136.1527 136.1692 136.1782 136.2155 136.2974 136.3532 136.4753 136.5604 136.6422 136.7215 136.7477 136.7895 136.7958 136.8143 136.8292 136.8464 136.8677 136.8754 136.8886 136.883 136.8627 136.852 136.8022 136.7779 136.7283 136.6968 136.6789 136.6714 136.6737 136.6883 136.6987 136.715 136.7244 136.7428 136.7631 136.7858 136.8177 136.8368 136.8806 136.902 136.9494 136.9772 137.0199 137.047 137.0856 137.1171 137.1474 137.1771 137.1986 137.221 137.237 137.2538 137.2675 137.2797 137.2939 137.3058 137.3233 137.3372 137.3574
