data/raw_data/rasters/lyr1_top.txt
ncols         744
nrows         578
xllcorner     426898.099538
yllcorner     6654704.581442
cellsize      1
NODATA_value  -9999
[rows 252 to 279 of 578, columns 441 to 503 of 744]
145.6085 145.7226 145.7772 145.8688 145.906 145.9628 145.9917 146.0314 146.058 146.0907 146.1163 146.1444 146.171 146.2076 146.2346 146.2807 146.3117 146.361 146.3976 146.4476 146.4879 146.5367 146.5779 146.623 146.6621 146.7009 146.7378 146.7671 146.7981 146.8206 146.8436 146.8585 146.8689 146.8692 146.8632 146.8391 146.8066 146.7785 146.7217 146.6715 146.5972 146.525 146.4494 146.3687 146.3143 146.2677 146.2483 146.2351 146.2714 146.2681 146.3459 146.3853 146.4884 146.5993 146.7296 146.8839 147.0323 147.2029 147.3584 147.5624 147.6973 147.8979 147.9928
145.4475 145.5656 145.6617 145.7496 145.8206 145.8761 145.9252 145.9626 145.9985 146.0313 146.062 146.094 146.124 146.159 146.1943 146.2345 146.2766 146.3192 146.367 146.4095 146.4622 146.5025 146.5533 146.5894 146.633 146.6625 146.6984 146.7238 146.752 146.7742 146.7954 146.8085 146.8232 146.8232 146.8216 146.8042 146.7783 146.7378 146.6926 146.6382 146.5692 146.5052 146.4169 146.3519 146.2697 146.2155 146.1611 146.1439 146.1311 146.1631 146.1961 146.2523 146.3368 146.4118 146.552 146.6711 146.8354 147.0048 147.1844 147.3792 147.5703 147.741 147.8938
145.2744 145.4405 145.5329 145.6704 145.7279 145.814 145.8516 145.909 145.9382 145.9859 146.011 146.0507 146.0773 146.1204 146.1527 146.2035 146.2433 146.2886 146.3333 146.3819 146.4282 146.4769 146.5201 146.5633 146.6009 146.6336 146.6646 146.6874 146.708 146.7243 146.7376 146.7519 146.7606 146.764 146.7677 146.7476 146.7329 146.7008 146.6573 146.6156 146.5444 146.4943 146.4104 146.3325 146.2563 146.1727 146.1183 146.0636 146.0524 146.0333 146.065 146.0832 146.1573 146.2271 146.3535 146.4694 146.6348 146.8002 146.9885 147.1991 147.3734 147.6086 147.7405
145.0934 145.2453 145.3948 145.5115 145.6265 145.7011 145.7725 145.8294 145.8752 145.9234 145.961 146.0033 146.0438 146.0817 146.1262 146.1636 146.2132 146.2528 146.3058 146.3467 146.3973 146.4402 146.4866 146.5258 146.5641 146.5938 146.6205 146.6404 146.6574 146.6695 146.6784 146.6868 146.6895 146.6942 146.6929 146.6861 146.6707 146.6401 146.6069 146.5591 146.5068 146.4478 146.3707 146.3059 146.2186 146.1452 146.0656 146.0077 145.9565 145.9491 145.9334 145.9656 146.0091 146.0673 146.1775 146.2713 146.4307 146.5787 146.7803 146.9677 147.1847 147.3821 147.5769
144.924 145.1075 145.243 145.4106 145.5 145.6194 145.6755 145.7666 145.8044 145.8749 145.9063 145.966 145.999 146.0458 146.0865 146.1317 146.1788 146.2209 146.2693 146.3161 146.3622 146.4132 146.4526 146.4967 146.5278 146.5542 146.5748 146.5875 146.5967 146.6062 146.6093 146.6154 146.6178 146.6199 146.6226 146.6058 146.5978 146.5677 146.5386 146.5043 146.4509 146.4151 146.3422 146.2811 146.2021 146.1151 146.0408 145.9561 145.9051 145.8548 145.8394 145.8374 145.8674 145.8984 145.9925 146.0647 146.2201 146.3481 146.5499 146.7326 146.9424 147.1839 147.3648
144.7496 144.9172 145.0988 145.2262 145.3809 145.4736 145.5851 145.6593 145.7345 145.7987 145.8531 145.9064 145.9584 146.0038 146.0527 146.0905 146.14 146.1819 146.2338 146.2778 146.3253 146.3714 146.4109 146.4519 146.4785 146.5054 146.5199 146.531 146.5367 146.538 146.5371 146.5396 146.5357 146.5365 146.5315 146.5253 146.5134 146.491 146.4675 146.4327 146.3949 146.3468 146.2894 146.226 146.1531 146.0764 145.9994 145.9246 145.8485 145.802 145.748 145.7403 145.7335 145.7681 145.8264 145.9074 146.0246 146.1509 146.3268 146.4967 146.7233 146.9289 147.1632
144.5764 144.7578 144.9268 145.1062 145.2266 145.3795 145.4603 145.5774 145.6355 145.7288 145.7776 145.8598 145.9044 145.9633 146.0077 146.0462 146.0929 146.1396 146.1853 146.237 146.2786 146.3258 146.3609 146.4032 146.427 146.4514 146.4599 146.4673 146.4671 146.4668 146.4636 146.4586 146.4564 146.4516 146.4488 146.4352 146.4238 146.3998 146.3789 146.3567 146.325 146.291 146.2405 146.1847 146.1155 146.0514 145.9723 145.891 145.82 145.7399 145.6954 145.659 145.6481 145.6506 145.6917 145.7344 145.8398 145.9282 146.0999 146.2422 146.4642 146.6912 146.9217
144.3883 144.5729 144.7741 144.9108 145.0882 145.2028 145.3389 145.4344 145.531 145.6166 145.6959 145.7658 145.8336 145.8886 145.9443 145.9894 146.034 146.0831 146.1271 146.1804 146.2184 146.2686 146.2981 146.3363 146.3575 146.378 146.3893 146.3919 146.3947 146.3878 146.3831 146.3766 146.3663 146.3605 146.3497 146.3418 146.3311 146.3182 146.3012 146.2775 146.2508 146.2157 146.1712 146.1214 146.0626 145.9987 145.931 145.8572 145.78 145.7125 145.6396 145.5996 145.5562 145.5552 145.5592 145.6047 145.6644 145.7589 145.8902 146.0483 146.2537 146.4636 146.7112
144.1858 144.3734 144.5563 144.7371 144.8775 145.0541 145.1586 145.3056 145.3911 145.5061 145.5798 145.6743 145.7349 145.807 145.8523 145.9059 145.9441 146.0001 146.0388 146.0943 146.1302 146.174 146.207 146.247 146.2691 146.2984 146.3022 146.3152 146.3102 146.3069 146.3008 146.2849 146.2794 146.2604 146.2516 146.2457 146.2297 146.2213 146.2049 146.1836 146.1698 146.133 146.1037 146.0638 146.0083 145.9609 145.8851 145.8161 145.7371 145.6492 145.5914 145.5349 145.5016 145.4827 145.4785 145.4863 145.529 145.5856 145.6972 145.8168 146.0148 146.2062 146.4612
143.9499 144.1519 144.3564 144.5187 144.6958 144.8322 144.9773 145.1009 145.2193 145.3279 145.4298 145.5131 145.5957 145.6612 145.7214 145.7845 145.8269 145.8883 145.9224 145.9781 146.0137 146.061 146.0924 146.1349 146.1575 146.1893 146.2021 146.2152 146.2163 146.2132 146.2009 146.1901 146.1714 146.1613 146.1454 146.1366 146.1258 146.1166 146.1037 146.089 146.0691 146.0464 146.0206 145.9836 145.9403 145.8807 145.8195 145.7449 145.6711 145.6103 145.5273 145.4918 145.4276 145.4121 145.3824 145.3891 145.3962 145.4503 145.528 145.6529 145.8198 146.0147 146.2498
143.7295 143.9356 144.1082 144.2997 144.4402 144.6069 144.7325 144.8977 145.0151 145.1464 145.2442 145.3422 145.4137 145.5 145.5475 145.6327 145.6681 145.7366 145.7735 145.8263 145.8653 145.9087 145.948 145.9892 146.0162 146.058 146.0653 146.0924 146.0858 146.0881 146.0783 146.0592 146.0498 146.0294 146.0155 146.0171 146.0014 146.0038 145.9907 145.9729 145.9666 145.9366 145.925 145.8907 145.8512 145.7967 145.7285 145.6621 145.5847 145.5192 145.4579 145.4124 145.3706 145.3508 145.3208 145.3098 145.3025 145.3291 145.3791 145.4731 145.623 145.7747 146.0194
143.4644 143.6646 143.8605 144.0217 144.1947 144.3328 144.4802 144.6162 144.7563 144.8776 144.9987 145.0896 145.1848 145.2614 145.3321 145.4068 145.4607 145.5261 145.5733 145.625 145.6706 145.7174 145.7603 145.8068 145.8394 145.8776 145.8958 145.9168 145.9204 145.9253 145.9123 145.9102 145.8881 145.8914 145.8706 145.8751 145.8565 145.8606 145.8443 145.842 145.8281 145.8216 145.8002 145.7705 145.7317 145.6637 145.6116 145.5275 145.4665 145.4135 145.3465 145.337 145.2758 145.2782 145.2377 145.2359 145.2178 145.2324 145.2614 145.3381 145.4527 145.6198 145.8163
143.2085 143.4349 143.5885 143.7717 143.9048 144.0534 144.191 144.3315 144.4688 144.5988 144.71 144.8247 144.9029 145.0127 145.0709 145.1749 145.2237 145.2959 145.3438 145.4007 145.4496 145.4991 145.5464 145.5885 145.6251 145.6683 145.688 145.7192 145.7192 145.7287 145.7183 145.7099 145.6981 145.6972 145.6844 145.6986 145.6886 145.6992 145.6897 145.6854 145.6783 145.6594 145.65 145.6063 145.5723 145.4937 145.4335 145.3616 145.2978 145.259 145.212 145.2082 145.1804 145.1953 145.1692 145.1772 145.1499 145.1609 145.1708 145.2292 145.3271 145.4443 145.6466
142.9256 143.1154 143.3125 143.4461 143.6121 143.7241 143.8702 143.9857 144.1239 144.2401 144.3759 144.4782 144.591 144.6847 144.7728 144.8543 144.924 144.9919 145.0562 145.109 145.1724 145.2205 145.2751 145.3214 145.36 145.3942 145.4218 145.4402 145.4542 145.4575 145.4561 145.4631 145.4546 145.4719 145.4585 145.4789 145.4703 145.487 145.4815 145.4899 145.4778 145.4752 145.4494 145.4106 145.3608 145.2828 145.2265 145.1483 145.0983 145.075 145.0252 145.0618 145.0263 145.075 145.0653 145.084 145.0824 145.0805 145.0938 145.1265 145.2007 145.3246 145.4735
142.6256 142.855 142.9951 143.1718 143.2976 143.4223 143.5569 143.6643 143.7979 143.9172 144.0298 144.1614 144.2475 144.3682 144.4445 144.5514 144.6221 144.6983 144.7592 144.8225 144.8748 144.9302 144.9775 145.0182 145.0614 145.0933 145.1259 145.1492 145.1602 145.1758 145.17 145.185 145.1796 145.1997 145.2026 145.2239 145.2327 145.2528 145.2569 145.2774 145.2711 145.2644 145.2463 145.1855 145.1398 145.0477 144.981 144.9056 144.8535 144.8373 144.822 144.8592 144.8725 144.9452 144.9534 145.02 145.0062 145.0365 145.0335 145.0616 145.119 145.2051 145.3542
142.3379 142.5117 142.703 142.8267 142.9782 143.0887 143.2124 143.3208 143.4422 143.5478 143.6769 143.7757 143.8994 143.9882 144.0913 144.1691 144.2593 144.3257 144.408 144.4582 144.5303 144.5706 144.6265 144.6624 144.702 144.7306 144.7637 144.7819 144.8035 144.8105 144.8225 144.8369 144.8489 144.8726 144.8828 144.9111 144.9265 144.9582 144.9731 144.9981 144.9924 144.9945 144.9561 144.9175 144.8521 144.7682 144.7059 144.6238 144.5921 144.5701 144.5611 144.624 144.6466 144.7491 144.8015 144.8716 144.9098 144.9336 144.9558 144.977 145.0276 145.1048 145.2164
142.0387 142.2556 142.389 142.5651 142.6757 142.7968 142.9063 143.0014 143.111 143.2188 143.3195 143.4439 143.5352 143.6392 143.7344 143.82 143.9107 143.9899 144.058 144.1273 144.1738 144.2242 144.2634 144.2947 144.3351 144.3581 144.3931 144.4201 144.4374 144.4666 144.4701 144.503 144.5133 144.5446 144.5695 144.5899 144.6215 144.6514 144.6748 144.7174 144.717 144.7174 144.6839 144.6276 144.5569 144.4746 144.3904 144.3197 144.2777 144.254 144.288 144.3429 144.4251 144.5542 144.6248 144.7747 144.7986 144.8909 144.8903 144.9227 144.9504 145.0133 145.1158
141.7807 141.9464 142.1245 142.2447 142.3884 142.493 142.5995 142.7097 142.8025 142.9038 143.0094 143.0888 143.1976 143.2651 143.367 143.4378 143.5388 143.6025 143.6902 143.7328 143.7932 143.8222 143.8601 143.8899 143.9154 143.9525 143.9763 144.0087 144.0359 144.0562 144.0861 144.1 144.1349 144.152 144.1908 144.2148 144.2591 144.2903 144.332 144.3582 144.3649 144.3677 144.3309 144.2942 144.2213 144.1393 144.069 143.9848 143.9598 143.9448 143.971 144.0561 144.1468 144.2915 144.4257 144.5533 144.6625 144.7347 144.793 144.8277 144.8733 144.9178 145.0057
141.5283 141.7465 141.88 142.0479 142.1414 142.2561 142.3361 142.4354 142.5152 142.612 142.694 142.789 142.8776 142.9432 143.0406 143.1022 143.1928 143.2659 143.327 143.3869 143.4189 143.4523 143.4749 143.4965 143.5209 143.5524 143.5787 143.6177 143.638 143.6796 143.6956 143.7296 143.7591 143.7872 143.831 143.8601 143.9108 143.9531 143.9969 144.0334 144.0452 144.0437 144.0072 143.9678 143.8779 143.8177 143.7129 143.6528 143.6133 143.5976 143.6693 143.7288 143.88 144.0309 144.1817 144.4048 144.4929 144.6779 144.7047 144.789 144.8033 144.8539 144.919
141.3144 141.496 141.6737 141.7895 141.9183 142.0101 142.0977 142.1854 142.262 142.3445 142.4341 142.4874 142.5791 142.6299 142.7146 142.7758 142.8521 142.9106 142.9722 143.0044 143.0434 143.0559 143.0772 143.0972 143.1143 143.1528 143.1749 143.218 143.2493 143.2753 143.3145 143.3281 143.3706 143.3916 143.4422 143.4793 143.5392 143.5804 143.63 143.6529 143.6712 143.6629 143.6365 143.5894 143.5247 143.439 143.3723 143.2947 143.2755 143.2752 143.3315 143.4374 143.5746 143.7565 143.9512 144.1438 144.3187 144.4649 144.5802 144.6548 144.728 144.7644 144.8386
141.0932 141.3301 141.4676 141.6316 141.7168 141.8314 141.8953 141.9752 142.038 142.1093 142.176 142.2316 142.3047 142.3445 142.4187 142.4626 142.53 142.5887 142.6305 142.6727 142.688 142.7044 142.7126 142.7321 142.7472 142.7849 142.8097 142.8566 142.8832 142.9269 142.9537 142.9815 143.0168 143.0387 143.0826 143.1262 143.1787 143.2283 143.2784 143.2989 143.321 143.3087 143.2825 143.2523 143.1666 143.1239 143.0179 142.9832 142.9458 142.944 143.0286 143.0916 143.2807 143.4482 143.6683 143.933 144.0991 144.3689 144.4507 144.6154 144.6382 144.7169 144.753
140.9028 141.1131 141.3053 141.4214 141.5603 141.6245 141.7202 141.7664 141.8329 141.8755 141.9362 141.9754 142.0327 142.0809 142.1277 142.183 142.2169 142.2678 142.2963 142.3198 142.3379 142.3424 142.3591 142.3743 142.3928 142.4281 142.4571 142.4994 142.5407 142.565 142.6077 142.6219 142.6653 142.6877 142.7323 142.7742 142.8249 142.8699 142.9129 142.9356 142.9528 142.9426 142.9289 142.8801 142.8296 142.7482 142.6934 142.6253 142.6166 142.6316 142.6901 142.8127 142.9714 143.185 143.4184 143.6655 143.8951 144.1098 144.2936 144.4229 144.5454 144.5963 144.6766
140.6895 140.9631 141.1087 141.2816 141.3754 141.4855 141.5512 141.5932 141.6476 141.6703 141.717 141.7426 141.78 141.8114 141.8447 141.8779 141.9126 141.9518 141.9749 142.0066 142.0103 142.0255 142.0279 142.0411 142.0594 142.0933 142.129 142.1779 142.2184 142.2681 142.3026 142.3323 142.3609 142.3839 142.4144 142.4575 142.4978 142.5354 142.5764 142.5835 142.6058 142.601 142.5881 142.5631 142.5007 142.4637 142.3803 142.3624 142.3284 142.3459 142.4129 142.4926 142.6794 142.8624 143.1254 143.4053 143.6518 143.9547 144.116 144.3691 144.4295 144.5723 144.5959
140.4947 140.726 140.9464 141.0866 141.2313 141.2956 141.3837 141.4093 141.453 141.4561 141.4776 141.4894 141.5111 141.5399 141.548 141.5989 141.5991 141.6521 141.6549 141.6816 141.6952 141.6952 141.7173 141.7191 141.7459 141.7701 141.807 141.8547 141.9028 141.9475 141.9952 142.0276 142.0625 142.0909 142.1144 142.1462 142.168 142.2021 142.2252 142.2494 142.2663 142.2646 142.2628 142.2275 142.1979 142.1278 142.0911 142.0343 142.0277 142.0424 142.0983 142.2205 142.3818 142.6141 142.8716 143.1568 143.4275 143.6952 143.9458 144.1272 144.3203 144.4032 144.5141
140.2728 140.5925 140.7584 140.9626 141.0595 141.1642 141.2171 141.2305 141.262 141.231 141.2456 141.2399 141.24 141.2558 141.2586 141.2925 141.3069 141.3415 141.3574 141.3897 141.3926 141.4198 141.4228 141.4276 141.4531 141.4656 141.5175 141.5583 141.6125 141.6743 141.7098 141.7731 141.7901 141.8289 141.8446 141.8706 141.8949 141.9095 141.9318 141.9414 141.9532 141.9578 141.9502 141.929 141.893 141.8607 141.8116 141.8005 141.7788 141.8103 141.8556 141.9591 142.1179 142.3155 142.5907 142.8677 143.1769 143.4898 143.7364 144.049 144.1737 144.3929 144.4279
140.0679 140.328 140.5756 140.738 140.8887 140.9489 141.0145 141.0199 141.0267 141.0064 140.9866 140.9686 140.9512 140.9571 140.9485 140.986 140.9857 141.0362 141.0476 141.0862 141.1076 141.1138 141.1395 141.1367 141.1652 141.1776 141.2147 141.2584 141.3112 141.3757 141.4248 141.4817 141.5144 141.5586 141.5767 141.5994 141.6072 141.6236 141.6342 141.6495 141.6586 141.6636 141.659 141.639 141.6214 141.5735 141.56 141.5182 141.5291 141.5413 141.6013 141.7022 141.8655 142.0839 142.3396 142.6463 142.9413 143.2654 143.5693 143.8125 144.0683 144.1916 144.3548
139.7959 140.1416 140.3378 140.5713 140.6673 140.7654 140.7918 140.7912 140.7788 140.7194 140.6894 140.6459 140.6197 140.6296 140.6266 140.6681 140.6923 140.735 140.7656 140.8166 140.8288 140.8698 140.874 140.8875 140.9087 140.9027 140.9542 140.9717 141.0302 141.0952 141.1352 141.2175 141.2383 141.3089 141.3235 141.3438 141.3594 141.3689 141.3784 141.3875 141.3854 141.3916 141.3798 141.3648 141.3464 141.326 141.307 141.3104 141.3097 141.348 141.3872 141.4969 141.6298 141.8293 142.092 142.3647 142.7058 143.0393 143.3538 143.715 143.9084 144.1833 144.2548
139.5364 139.8156 140.0772 140.2531 140.4032 140.4702 140.5069 140.4953 140.467 140.4264 140.366 140.3253 140.2778 140.2834 140.2786 140.3327 140.3476 140.4224 140.462 140.5153 140.559 140.5731 140.6054 140.6072 140.6327 140.646 140.6682 140.7046 140.7477 140.798 140.8545 140.9076 140.9608 141.0081 141.0455 141.0846 141.0978 141.1192 141.1261 141.1326 141.1365 141.1258 141.1185 141.1041 141.0952 141.0824 141.0866 141.085 141.1041 141.1312 141.1913 141.269 141.4221 141.6044 141.8538 142.1664 142.4723 142.8593 143.1939 143.5124 143.813 143.9848 144.1929
