data/raw_data/rasters/lyr1_botm.txt
ncols         742
nrows         576
xllcorner     426899.09953807
yllcorner     6654705.5814418
cellsize      1
NODATA_value  -9999
[rows 336 to 363 of 576, columns 189 to 251 of 742]
126.756 126.762 126.7685 126.7756 126.7831 126.7911 126.7996 126.7819 126.7919 126.8025 126.8135 126.8251 126.8372 126.8499 126.863 126.8767 126.8908 126.9055 126.9207 126.9363 126.9525 126.9691 126.9863 127.0038 127.0219 127.0404 127.0594 127.0788 127.0576 127.0764 127.0956 127.1153 127.1354 127.156 127.1769 127.1983 127.2201 127.2423 127.2649 127.2878 127.3111 127.3348 127.3589 127.4109 127.4358 127.461 127.4865 127.5122 127.5383 127.5646 127.5911 127.618 127.645 127.6723 127.6997 127.7274 127.7553 127.7833 127.8115 127.8399 127.8683 127.897 127.9257
126.7444 126.7505 126.7572 126.7644 126.7721 126.7803 126.7614 126.771 126.7812 126.7919 126.8031 126.8149 126.8272 126.84 126.8533 126.8671 126.8815 126.8963 126.9117 126.9276 126.9439 126.9607 126.9781 126.9958 127.0141 127.0328 127.052 127.0716 127.0916 127.1115 127.0921 127.112 127.1324 127.1531 127.1743 127.1959 127.2179 127.2403 127.2631 127.2863 127.3098 127.3615 127.386 127.4108 127.4358 127.4612 127.4869 127.5129 127.5391 127.5656 127.5924 127.6194 127.6466 127.6741 127.7018 127.7296 127.7577 127.7859 127.8143 127.8428 127.8715 127.9003 127.8477
126.7327 126.7391 126.7459 126.7532 126.761 126.741 126.7503 126.7601 126.7704 126.7813 126.7927 126.8046 126.8171 126.83 126.8436 126.8576 126.8721 126.8872 126.9027 126.9187 126.9353 126.9523 126.9698 126.9878 127.0063 127.0252 127.0446 127.0644 127.0846 127.1053 127.1258 127.1474 127.1292 127.1502 127.1716 127.1934 127.2157 127.2383 127.2613 127.2847 127.3366 127.3609 127.3856 127.4105 127.4358 127.4614 127.4873 127.5135 127.5399 127.5667 127.5936 127.6208 127.6483 127.6759 127.7038 127.7318 127.76 127.7884 127.817 127.8457 127.8746 127.8215 127.8504
126.721 126.7275 126.7345 126.7419 126.7208 126.7297 126.7391 126.7491 126.7596 126.7706 126.7822 126.7943 126.8069 126.8201 126.8338 126.848 126.8627 126.8779 126.8937 126.9099 126.9266 126.9439 126.9616 126.9798 126.9984 127.0175 127.0371 127.0571 127.0776 127.0985 127.1198 127.141 127.1632 127.1857 127.2087 127.1909 127.2134 127.2362 127.2594 127.3115 127.3357 127.3602 127.3851 127.4103 127.4358 127.4616 127.4877 127.5141 127.5407 127.5676 127.5948 127.6222 127.6498 127.6777 127.7057 127.7339 127.7624 127.791 127.8197 127.8486 127.7952 127.824 127.8531
126.7093 126.7159 126.723 126.7008 126.7093 126.7183 126.7279 126.738 126.7487 126.7599 126.7716 126.7839 126.7967 126.8101 126.8239 126.8383 126.8532 126.8687 126.8846 126.901 126.9179 126.9354 126.9533 126.9717 126.9905 127.0098 127.0296 127.0499 127.0705 127.0916 127.1132 127.1351 127.1569 127.1797 127.2029 127.2265 127.2504 127.234 127.2863 127.3103 127.3347 127.3595 127.3846 127.4099 127.4357 127.4617 127.488 127.5146 127.5414 127.5685 127.5959 127.6235 127.6513 127.6794 127.7076 127.736 127.7646 127.7934 127.8223 127.7688 127.7976 127.8266 127.8558
126.8154 126.7042 126.681 126.6891 126.6977 126.7069 126.7166 126.7269 126.7377 126.7491 126.761 126.7735 126.7865 126.8 126.8141 126.8286 126.8437 126.8593 126.8755 126.8921 126.9092 126.9268 126.9449 126.9635 126.9826 127.0021 127.0221 127.0425 127.0634 127.0847 127.1065 127.1287 127.1512 127.1737 127.1971 127.2208 127.245 127.29 127.3151 127.3405 127.3337 127.3587 127.3839 127.4095 127.4355 127.4617 127.4882 127.515 127.542 127.5694 127.5969 127.6247 127.6527 127.681 127.7094 127.738 127.7668 127.7958 127.7424 127.7711 127.8001 127.8292 127.8584
126.805 126.7785 126.669 126.6772 126.686 126.6954 126.7053 126.7157 126.7267 126.7383 126.7504 126.763 126.7762 126.7899 126.8041 126.8189 126.8342 126.85 126.8663 126.8831 126.9004 126.9182 126.9365 126.9553 126.9746 126.9943 127.0145 127.0352 127.0563 127.0778 127.0997 127.1221 127.1449 127.1681 127.1912 127.2151 127.2602 127.2851 127.3103 127.3359 127.3619 127.3881 127.3832 127.409 127.4352 127.4616 127.4883 127.5153 127.5426 127.5701 127.5979 127.6259 127.6541 127.6825 127.7111 127.7399 127.7689 127.7159 127.7445 127.7734 127.8025 127.8317 127.8611
126.762 126.7677 126.774 126.6653 126.6743 126.6838 126.6939 126.7045 126.7156 126.7274 126.7396 126.7524 126.7658 126.7797 126.7941 126.809 126.8245 126.8405 126.857 126.874 126.8915 126.9096 126.9281 126.9471 126.9665 126.9865 127.0069 127.0277 127.049 127.0708 127.0929 127.1155 127.1385 127.162 127.1858 127.2302 127.2549 127.2801 127.3055 127.3314 127.3575 127.3839 127.4107 127.4377 127.465 127.4614 127.4884 127.5156 127.543 127.5708 127.5987 127.6269 127.6553 127.684 127.7128 127.7418 127.6892 127.7178 127.7466 127.7757 127.8048 127.8342 127.8637
126.751 126.7568 126.7632 126.7702 126.6625 126.6721 126.6824 126.6931 126.7045 126.7164 126.7288 126.7418 126.7553 126.7694 126.784 126.7991 126.8148 126.831 126.8477 126.8649 126.8826 126.9008 126.9195 126.9387 126.9584 126.9785 126.9992 127.0202 127.0417 127.0637 127.0861 127.1089 127.1321 127.1557 127.2014 127.226 127.2497 127.275 127.3007 127.3267 127.3531 127.3797 127.4067 127.4339 127.4614 127.4892 127.5172 127.5454 127.5434 127.5713 127.5995 127.6279 127.6565 127.6853 127.7143 127.6624 127.691 127.7197 127.7487 127.7778 127.8071 127.8366 127.8662
126.7398 126.7458 126.7524 126.7595 126.7672 126.6604 126.6708 126.6817 126.6932 126.7053 126.7179 126.7311 126.7448 126.759 126.7738 126.7892 126.805 126.8214 126.8383 126.8557 126.8736 126.892 126.9109 126.9303 126.9502 126.9706 126.9914 127.0126 127.0344 127.0565 127.0791 127.1021 127.1256 127.1712 127.1956 127.2204 127.2455 127.2699 127.2958 127.322 127.3485 127.3754 127.4026 127.43 127.4577 127.4857 127.514 127.5424 127.5711 127.6 127.6291 127.6287 127.6575 127.6865 127.6355 127.664 127.6927 127.7216 127.7507 127.7799 127.8094 127.839 127.8687
126.7285 126.7347 126.7414 126.7487 126.7566 126.7649 126.6591 126.6702 126.6819 126.6941 126.7069 126.7203 126.7342 126.7486 126.7636 126.7791 126.7951 126.8117 126.8288 126.8464 126.8645 126.8831 126.9022 126.9218 126.9419 126.9625 126.9835 127.005 127.0269 127.0493 127.0721 127.0953 127.1409 127.1651 127.1898 127.2148 127.2401 127.2658 127.2907 127.3172 127.344 127.371 127.3984 127.4261 127.454 127.4822 127.5106 127.5393 127.5682 127.5973 127.6266 127.6561 127.6858 127.5837 127.6369 127.6655 127.6943 127.7234 127.7526 127.782 127.8116 127.8413 127.8712
126.717 126.7234 126.7304 126.7378 126.7458 126.7544 126.7635 126.6586 126.6704 126.6829 126.6958 126.7094 126.7234 126.7381 126.7532 126.7689 126.7852 126.8019 126.8192 126.837 126.8553 126.8741 126.8934 126.9133 126.9335 126.9543 126.9755 126.9972 127.0194 127.042 127.065 127.1105 127.1345 127.159 127.1838 127.209 127.2346 127.2605 127.2868 127.3123 127.3393 127.3666 127.3942 127.422 127.4502 127.4786 127.5072 127.5361 127.5652 127.5945 127.624 127.6537 127.5547 127.5828 127.6112 127.6398 127.6686 127.725 127.7544 127.7839 127.8136 127.8435 127.8735
126.7055 126.712 126.7191 126.7268 126.735 126.7437 126.753 126.7628 126.6589 126.6715 126.6846 126.6983 126.7126 126.7274 126.7428 126.7587 126.7751 126.792 126.8095 126.8275 126.846 126.8651 126.8846 126.9046 126.9251 126.946 126.9675 126.9894 127.0117 127.0345 127.0799 127.1038 127.1281 127.1527 127.1778 127.2032 127.229 127.2551 127.2816 127.3084 127.3345 127.362 127.3898 127.4179 127.4462 127.4748 127.5037 127.5328 127.5621 127.5916 127.6213 127.5255 127.5536 127.5819 127.6104 127.6392 127.6681 127.6972 127.7265 127.756 127.8156 127.8456 127.8757
126.6937 126.7005 126.7078 126.7156 126.724 126.7329 126.7423 126.7523 126.7629 126.66 126.6733 126.6872 126.7017 126.7167 126.7322 126.7483 126.7649 126.7821 126.7997 126.8179 126.8366 126.8559 126.8756 126.8958 126.9165 126.9377 126.9593 126.9814 127.004 127.0493 127.0729 127.097 127.1215 127.1464 127.1716 127.1973 127.2232 127.2496 127.2763 127.3033 127.3306 127.3573 127.3853 127.4136 127.4422 127.471 127.5001 127.5294 127.5589 127.5886 127.4963 127.5243 127.5525 127.5809 127.6096 127.6385 127.6675 127.6968 127.7262 127.7558 127.7855 127.8154 127.8454
126.6819 126.6888 126.6962 126.7043 126.7128 126.7219 126.7316 126.7417 126.7525 126.7637 126.6619 126.676 126.6906 126.7058 126.7215 126.7378 126.7546 126.7719 126.7898 126.8082 126.8271 126.8465 126.8665 126.8869 126.9078 126.9292 126.951 126.9733 126.9961 127.0193 127.0658 127.0901 127.1148 127.1399 127.1654 127.1912 127.2174 127.244 127.2709 127.2981 127.3256 127.3535 127.3807 127.4092 127.438 127.467 127.4963 127.5258 127.5555 127.4669 127.4948 127.5229 127.5513 127.5799 127.6087 127.6377 127.6669 127.6963 127.7258 127.7555 127.7854 127.8154 127.8455
126.6698 126.6769 126.6846 126.6928 126.7015 126.7108 126.7206 126.731 126.7419 126.7534 126.7654 126.6646 126.6794 126.6948 126.7107 126.7272 126.7442 126.7617 126.7798 126.7984 126.8175 126.8371 126.8572 126.8779 126.899 126.9206 126.9426 126.9651 126.9881 127.0116 127.0354 127.0831 127.108 127.1333 127.159 127.185 127.2114 127.2382 127.2653 127.2928 127.3205 127.3486 127.3769 127.4047 127.4337 127.463 127.4924 127.5221 127.4374 127.4652 127.4932 127.5215 127.55 127.5787 127.6077 127.6368 127.6661 127.6957 127.7253 127.7552 127.7852 127.8153 127.8472
126.6576 126.6649 126.6727 126.6811 126.69 126.6995 126.7095 126.7201 126.7312 126.7429 126.7551 126.7678 126.6681 126.6837 126.6998 126.7164 126.7336 126.7514 126.7696 126.7884 126.8077 126.8275 126.8479 126.8687 126.89 126.9118 126.9341 126.9568 126.98 127.0037 127.0277 127.0523 127.1011 127.1266 127.1525 127.1787 127.2054 127.2323 127.2597 127.2873 127.3153 127.3435 127.3721 127.4009 127.4293 127.4587 127.4884 127.4078 127.4354 127.4634 127.4915 127.52 127.5486 127.5775 127.6066 127.6358 127.6653 127.695 127.7248 127.7547 127.7848 127.8161 127.8472
126.6452 126.6527 126.6607 126.6693 126.6784 126.6881 126.6983 126.7091 126.7204 126.7322 126.7446 126.7575 126.771 126.6724 126.6887 126.7055 126.7229 126.7409 126.7593 126.7783 126.7978 126.8178 126.8384 126.8594 126.8809 126.9029 126.9254 126.9484 126.9718 126.9956 127.0199 127.0446 127.0698 127.1197 127.1458 127.1723 127.1991 127.2263 127.2538 127.2817 127.3099 127.3383 127.3671 127.3961 127.4255 127.4544 127.378 127.4055 127.4333 127.4614 127.4897 127.5183 127.5471 127.5761 127.6054 127.6348 127.6644 127.6942 127.7241 127.7542 127.7848 127.8159 127.847
126.6327 126.6404 126.6486 126.6573 126.6666 126.6765 126.6869 126.6978 126.7093 126.7214 126.734 126.7471 126.7608 126.775 126.6775 126.6945 126.7121 126.7302 126.7489 126.7681 126.7878 126.808 126.8287 126.85 126.8717 126.8939 126.9166 126.9398 126.9634 126.9874 127.0119 127.0369 127.0622 127.088 127.139 127.1657 127.1927 127.2201 127.2479 127.2759 127.3043 127.333 127.362 127.3912 127.4207 127.3465 127.3754 127.4031 127.4311 127.4593 127.4878 127.5166 127.5455 127.5747 127.6041 127.6336 127.6634 127.6933 127.7233 127.7534 127.7843 127.8155 127.8467
126.62 126.6278 126.6362 126.6452 126.6547 126.6647 126.6753 126.6864 126.6981 126.7104 126.7232 126.7365 126.7504 126.7648 126.7797 126.6833 126.7011 126.7194 126.7383 126.7577 126.7776 126.798 126.819 126.8404 126.8623 126.8847 126.9076 126.931 126.9548 126.9791 127.0038 127.029 127.0545 127.0805 127.1069 127.159 127.1862 127.2138 127.2418 127.27 127.2986 127.3275 127.3567 127.3861 127.316 127.3436 127.3716 127.4006 127.4287 127.4571 127.4858 127.5147 127.5438 127.5731 127.6026 127.6323 127.6622 127.6922 127.7216 127.7526 127.7837 127.815 127.8463
126.607 126.6151 126.6237 126.6328 126.6425 126.6527 126.6635 126.6749 126.6868 126.6992 126.7122 126.7257 126.7398 126.7544 126.7695 126.7852 126.69 126.7085 126.7275 126.7471 126.7672 126.7879 126.809 126.8306 126.8528 126.8754 126.8985 126.9221 126.9461 126.9706 126.9955 127.0209 127.0467 127.0729 127.0995 127.1264 127.1795 127.2073 127.2355 127.264 127.2927 127.3218 127.3512 127.2852 127.3127 127.3406 127.3687 127.3971 127.4262 127.4548 127.4836 127.5127 127.5419 127.5714 127.601 127.6309 127.6609 127.6897 127.7206 127.7517 127.783 127.8143 127.8458
126.5939 126.6021 126.6109 126.6203 126.6302 126.6406 126.6516 126.6631 126.6752 126.6878 126.701 126.7147 126.729 126.7438 126.7592 126.775 126.7914 126.6974 126.7166 126.7364 126.7567 126.7775 126.7989 126.8207 126.8431 126.8659 126.8892 126.913 126.9372 126.9619 126.9871 127.0126 127.0386 127.065 127.0919 127.119 127.1466 127.2007 127.229 127.2577 127.2867 127.316 127.2543 127.2817 127.3093 127.3373 127.3656 127.3942 127.423 127.4523 127.4813 127.5105 127.5399 127.5695 127.5993 127.6293 127.6575 127.6884 127.7195 127.7507 127.7821 127.8136 127.8452
126.5806 126.589 126.598 126.6075 126.6176 126.6282 126.6394 126.6512 126.6635 126.6763 126.6897 126.7036 126.7181 126.7331 126.7486 126.7647 126.7813 126.7984 126.7055 126.7255 126.746 126.7671 126.7886 126.8107 126.8332 126.8562 126.8798 126.9037 126.9282 126.9531 126.9784 127.0042 127.0304 127.057 127.0841 127.1115 127.1393 127.1674 127.2224 127.2513 127.2805 127.2231 127.2504 127.2779 127.3058 127.334 127.3624 127.3912 127.4202 127.4494 127.4788 127.5082 127.5377 127.5675 127.5974 127.625 127.6559 127.687 127.7182 127.7495 127.781 127.8126 127.8404
126.5671 126.5757 126.5849 126.5946 126.6049 126.6157 126.6271 126.639 126.6515 126.6645 126.6781 126.6922 126.7069 126.7221 126.7379 126.7541 126.7709 126.7883 126.8061 126.7145 126.7352 126.7564 126.7781 126.8004 126.8232 126.8464 126.8701 126.8943 126.919 126.9441 126.9696 126.9956 127.022 127.0489 127.0761 127.1037 127.1317 127.1601 127.1888 127.2447 127.1918 127.2189 127.2463 127.274 127.3021 127.3304 127.3591 127.388 127.4171 127.4466 127.4762 127.5057 127.5354 127.5653 127.5923 127.6232 127.6542 127.6854 127.7167 127.7482 127.7798 127.8071 127.8395
126.5533 126.5621 126.5715 126.5814 126.5919 126.6029 126.6145 126.6267 126.6394 126.6526 126.6664 126.6807 126.6956 126.711 126.7269 126.7434 126.7604 126.7779 126.796 126.8145 126.7241 126.7456 126.7675 126.79 126.8129 126.8363 126.8603 126.8847 126.9095 126.9349 126.9606 126.9868 127.0134 127.0405 127.0679 127.0958 127.124 127.1525 127.1815 127.1272 127.1872 127.2145 127.2421 127.27 127.2982 127.3267 127.3555 127.3846 127.4139 127.4435 127.4733 127.5034 127.5329 127.5593 127.5901 127.6211 127.6523 127.6836 127.715 127.7467 127.7736 127.8059 127.8384
126.5393 126.5484 126.5579 126.5681 126.5787 126.59 126.6018 126.6141 126.627 126.6404 126.6544 126.6689 126.684 126.6996 126.7158 126.7325 126.7497 126.7674 126.7856 126.8044 126.8237 126.7345 126.7567 126.7793 126.8025 126.8261 126.8503 126.8749 126.8999 126.9255 126.9514 126.9778 127.0047 127.0319 127.0596 127.0876 127.116 127.1448 127.0949 127.1218 127.149 127.2098 127.2376 127.2657 127.2941 127.3228 127.3518 127.381 127.4105 127.4403 127.4703 127.5005 127.5302 127.5568 127.5877 127.6188 127.6501 127.6816 127.7132 127.7397 127.7721 127.8046 127.8372
126.5252 126.5344 126.5442 126.5545 126.5654 126.5768 126.5888 126.6013 126.6144 126.628 126.6422 126.657 126.6722 126.6881 126.7044 126.7213 126.7387 126.7566 126.7751 126.7941 126.8135 126.8335 126.7456 126.7685 126.7918 126.8157 126.84 126.8648 126.8901 126.9158 126.942 126.9686 126.9957 127.0231 127.051 127.0792 127.1079 127.0624 127.0891 127.1161 127.1436 127.1714 127.233 127.2613 127.2898 127.3187 127.3479 127.3773 127.4069 127.4368 127.467 127.4971 127.5273 127.5576 127.5851 127.6164 127.6478 127.6794 127.7056 127.7379 127.7704 127.803 127.8358
126.5107 126.5202 126.5301 126.5407 126.5517 126.5634 126.5756 126.5883 126.6016 126.6154 126.6298 126.6448 126.6603 126.6763 126.6928 126.7099 126.7275 126.7457 126.7643 126.7835 126.8032 126.8234 126.8441 126.7575 126.781 126.8051 126.8296 126.8546 126.8801 126.906 126.9324 126.9592 126.9865 127.0141 127.0422 127.0707 127.0296 127.0561 127.083 127.1103 127.1379 127.1659 127.1942 127.2566 127.2853 127.3144 127.3437 127.3733 127.4031 127.4332 127.4637 127.4938 127.5242 127.5547 127.5854 127.6138 127.6453 127.6711 127.7034 127.7359 127.7685 127.8013 127.8341
