data/raw_data/rasters/lyr1_top.txt
ncols         744
nrows         578
xllcorner     426898.099538
yllcorner     6654704.581442
cellsize      1
NODATA_value  -9999
[rows 364 to 391 of 578, columns 189 to 251 of 744]
138.2393 138.2873 138.327 138.3782 138.4144 138.4639 138.4948 138.5406 138.5668 138.606 138.6301 138.6676 138.6911 138.729 138.7536 138.7904 138.8166 138.8524 138.8822 138.9205 138.9547 138.9955 139.0322 139.07 139.1072 139.147 139.1826 139.2254 139.2597 139.3006 139.3361 139.3762 139.4167 139.4581 139.5033 139.5473 139.5973 139.6436 139.696 139.7448 139.7994 139.849 139.9075 139.9609 140.0198 140.0762 140.1303 140.187 140.229 140.2767 140.3052 140.3399 140.3608 140.3884 140.4077 140.4282 140.4463 140.4624 140.4753 140.4879 140.4936 140.4972 140.4969
138.266 138.3008 138.3568 138.3937 138.4506 138.485 138.5379 138.5678 138.6157 138.6431 138.6851 138.7112 138.7528 138.7789 138.8225 138.8475 138.892 138.9184 138.9656 138.9946 139.0435 139.0736 139.125 139.1557 139.2076 139.2363 139.2874 139.3163 139.367 139.3963 139.4448 139.4774 139.526 139.5626 139.611 139.6524 139.7002 139.7468 139.7936 139.8446 139.8881 139.9437 139.9832 140.0432 140.0782 140.1387 140.1696 140.2225 140.2504 140.2872 140.3107 140.3355 140.3573 140.3784 140.398 140.4181 140.4347 140.4511 140.4645 140.473 140.4804 140.4823 140.4865
138.308 138.3553 138.4023 138.4511 138.4955 138.5452 138.5846 138.6314 138.6658 138.7078 138.7406 138.7806 138.8133 138.8526 138.8862 138.9249 138.9603 138.9997 139.0377 139.0766 139.1174 139.1594 139.2018 139.241 139.2841 139.3247 139.3673 139.407 139.4491 139.4911 139.5325 139.5743 139.6177 139.6592 139.7036 139.7465 139.7908 139.8336 139.8766 139.9226 139.9627 140.0064 140.0442 140.087 140.1212 140.1632 140.1928 140.2312 140.2554 140.2846 140.3037 140.3283 140.3463 140.3695 140.3878 140.4068 140.4236 140.4396 140.4519 140.4628 140.4661 140.47 140.4671
138.3914 138.4323 138.4863 138.5263 138.5812 138.6172 138.6727 138.7045 138.7561 138.7865 138.8353 138.8645 138.9113 138.9406 138.987 139.0178 139.0638 139.0967 139.1415 139.1765 139.2207 139.2573 139.2994 139.3401 139.3811 139.422 139.4601 139.5011 139.5366 139.5784 139.6139 139.6591 139.693 139.7407 139.7731 139.8203 139.8517 139.8986 139.9292 139.9737 140.0039 140.045 140.0743 140.1121 140.1391 140.1738 140.1998 140.2299 140.2539 140.2768 140.2986 140.3168 140.3378 140.3558 140.3746 140.3937 140.4102 140.427 140.4392 140.4488 140.453 140.453 140.4539
138.459 138.5062 138.555 138.602 138.6494 138.6965 138.7406 138.7866 138.8273 138.8697 138.91 138.9494 138.9897 139.0297 139.0697 139.1096 139.1496 139.1901 139.2303 139.267 139.3068 139.3447 139.3831 139.4229 139.4601 139.4991 139.535 139.5709 139.606 139.6425 139.6763 139.7144 139.7469 139.7841 139.8156 139.8526 139.883 139.9194 139.9488 139.985 140.0129 140.0476 140.0748 140.1074 140.1327 140.166 140.1888 140.2198 140.2401 140.2667 140.2843 140.3062 140.3247 140.3449 140.3631 140.3831 140.399 140.4157 140.4269 140.4375 140.439 140.4408 140.435
138.5651 138.6137 138.6596 138.7064 138.7532 138.7958 138.8421 138.881 138.924 138.9621 139.0019 139.0415 139.0803 139.1202 139.1569 139.1976 139.2321 139.2726 139.3051 139.3462 139.375 139.4156 139.4443 139.4846 139.513 139.5516 139.5786 139.6149 139.6431 139.677 139.705 139.7365 139.7656 139.7976 139.8259 139.8581 139.8854 139.9176 139.9449 139.9754 140.0015 140.033 140.0588 140.0914 140.1167 140.1489 140.1721 140.2015 140.2235 140.2487 140.2693 140.2903 140.3099 140.3296 140.3493 140.3681 140.3849 140.4012 140.4134 140.4219 140.4254 140.4233 140.4207
138.6653 138.7086 138.7522 138.7966 138.8401 138.8834 138.9243 138.9659 139.0043 139.044 139.081 139.1172 139.1535 139.1898 139.2245 139.2592 139.2917 139.3259 139.3568 139.3875 139.4157 139.4449 139.4717 139.5013 139.5271 139.5549 139.5806 139.6085 139.6355 139.6625 139.689 139.7143 139.7401 139.7672 139.7929 139.8231 139.8486 139.8784 139.9037 139.9335 139.9584 139.9891 140.0139 140.05 140.0741 140.1092 140.1315 140.1699 140.1904 140.2294 140.2476 140.2764 140.2946 140.3152 140.333 140.3537 140.3694 140.3863 140.3975 140.4072 140.4095 140.4111 140.4046
138.7478 138.7923 138.829 138.876 138.9128 138.9566 138.9915 139.0316 139.0642 139.1005 139.1313 139.166 139.1965 139.2288 139.2582 139.2884 139.3163 139.3439 139.3704 139.3958 139.4202 139.4428 139.4652 139.4858 139.5083 139.5297 139.5513 139.5753 139.5964 139.6216 139.6432 139.6669 139.6873 139.7128 139.7337 139.7626 139.7845 139.8153 139.8382 139.8685 139.8923 139.9253 139.9505 139.987 140.0123 140.0544 140.0791 140.1242 140.1487 140.1927 140.2161 140.2507 140.2731 140.2984 140.3171 140.3367 140.3529 140.3687 140.3814 140.3899 140.3942 140.3933 140.3886
138.8083 138.8474 138.8828 138.9223 138.9558 138.9929 139.0237 139.0557 139.0852 139.1139 139.1421 139.1679 139.1955 139.2198 139.2463 139.2705 139.2951 139.3197 139.3431 139.3649 139.3859 139.4044 139.4245 139.4408 139.4604 139.4803 139.5003 139.5202 139.5412 139.5653 139.5858 139.6097 139.6302 139.6536 139.6752 139.7024 139.7249 139.7562 139.7798 139.808 139.8321 139.8663 139.8926 139.931 139.9595 139.9979 140.027 140.0728 140.1021 140.159 140.1841 140.2318 140.2519 140.2802 140.298 140.3206 140.3364 140.3539 140.3654 140.3759 140.3798 140.3808 140.374
138.8326 138.8695 138.9023 138.9368 138.9669 138.9976 139.0253 139.0517 139.0765 139.099 139.1216 139.1432 139.1641 139.1855 139.2034 139.2275 139.2431 139.2687 139.2832 139.3083 139.3208 139.3425 139.3526 139.3735 139.384 139.4071 139.4177 139.4451 139.4569 139.4872 139.502 139.5318 139.5488 139.5773 139.5961 139.6253 139.6466 139.6762 139.7008 139.7312 139.761 139.7917 139.8249 139.854 139.8941 139.9234 139.9711 140.0073 140.0526 140.0992 140.1416 140.1859 140.2217 140.2531 140.2787 140.2999 140.3179 140.3349 140.3484 140.359 140.3639 140.3637 140.3557
138.8194 138.8538 138.8841 138.9163 138.944 138.9734 138.9977 139.0217 139.0437 139.0617 139.0816 139.0975 139.1163 139.132 139.1498 139.1708 139.1875 139.2105 139.2259 139.2493 139.2618 139.2803 139.2915 139.3089 139.3211 139.3435 139.3569 139.3822 139.3971 139.4288 139.4447 139.4817 139.4984 139.5288 139.5478 139.5764 139.5985 139.6327 139.6563 139.6929 139.7189 139.756 139.7868 139.8219 139.8582 139.8895 139.9318 139.9597 140.0059 140.0508 140.0932 140.1582 140.1889 140.2347 140.256 140.2824 140.2993 140.3194 140.332 140.3455 140.3507 140.351 140.3441
138.779 138.8128 138.8393 138.8716 138.8927 138.923 138.9408 138.9675 138.9802 139.003 139.0122 139.0323 139.0413 139.0632 139.0722 139.0986 139.1075 139.137 139.1474 139.1743 139.1844 139.2067 139.2175 139.24 139.2525 139.2758 139.2915 139.3204 139.3402 139.3738 139.3965 139.4306 139.4592 139.4873 139.5188 139.5423 139.5743 139.598 139.6374 139.6627 139.7078 139.7301 139.7755 139.7926 139.8455 139.8527 139.913 139.9179 139.9785 139.9991 140.0581 140.0944 140.1515 140.1893 140.2321 140.2568 140.2815 140.2993 140.3154 140.3277 140.3349 140.3355 140.3262
138.7481 138.779 138.8043 138.8332 138.8551 138.8825 138.9005 138.9221 138.9357 138.9533 138.9629 138.9778 138.9864 139.0021 139.0129 139.0369 139.0503 139.0787 139.092 139.1195 139.1307 139.1584 139.1677 139.1978 139.2096 139.2422 139.2582 139.2964 139.3162 139.3625 139.385 139.4364 139.4589 139.5018 139.5252 139.5593 139.5858 139.6208 139.6496 139.6934 139.7248 139.7597 139.7915 139.8201 139.8548 139.8768 139.9182 139.9229 139.9715 139.9702 140.0249 140.0703 140.116 140.1779 140.2062 140.2429 140.2619 140.2839 140.2985 140.3134 140.32 140.321 140.3146
138.713 138.7336 138.7633 138.7851 138.8098 138.8307 138.8517 138.8686 138.8849 138.8971 138.9097 138.919 138.9324 138.9457 138.961 138.9797 138.9989 139.0214 139.046 139.0665 139.0929 139.1133 139.1407 139.1646 139.1939 139.2222 139.2578 139.2914 139.3348 139.3724 139.4199 139.4548 139.5056 139.5335 139.5851 139.6071 139.6542 139.6769 139.724 139.7483 139.7954 139.8181 139.8586 139.8754 139.913 139.9172 139.9606 139.9472 139.993 139.9849 140.0284 140.0419 140.0948 140.129 140.1828 140.212 140.2436 140.2633 140.2808 140.2934 140.3031 140.3054 140.3003
138.6988 138.7254 138.7467 138.7712 138.7911 138.8159 138.8325 138.8527 138.8634 138.8821 138.8884 138.9078 138.9141 138.9359 138.948 138.9721 138.9921 139.0225 139.0443 139.0771 139.0968 139.1316 139.1506 139.19 139.2122 139.2579 139.2873 139.3391 139.3776 139.4318 139.4737 139.5304 139.5695 139.6254 139.6611 139.7054 139.7388 139.7724 139.8068 139.8501 139.885 139.9182 139.945 139.9649 139.9828 139.9978 140.0135 140.0049 140.028 139.9861 140.0265 140.0166 140.0652 140.1155 140.1524 140.2014 140.2235 140.2484 140.2642 140.2793 140.2872 140.2921 140.2878
138.7175 138.7305 138.7597 138.7745 138.7997 138.8139 138.8399 138.8519 138.8745 138.8846 138.904 138.9143 138.9387 138.9501 138.9802 138.9958 139.0306 139.0499 139.0935 139.1106 139.161 139.1763 139.227 139.2443 139.2997 139.3259 139.3902 139.424 139.4928 139.5328 139.6015 139.6417 139.7089 139.7477 139.8102 139.843 139.8942 139.9267 139.9678 139.9984 140.0341 140.066 140.0856 140.1059 140.1074 140.1159 140.1123 140.0978 140.0936 140.0709 140.0685 140.0619 140.0724 140.0953 140.1317 140.1659 140.2033 140.2256 140.2463 140.2596 140.2701 140.2753 140.2728
138.7553 138.7789 138.7966 138.8158 138.8344 138.8535 138.8708 138.8917 138.9035 138.9279 138.9362 138.963 138.9745 139.0063 139.0263 139.0546 139.0848 139.1174 139.1525 139.191 139.2251 139.2649 139.3001 139.3414 139.3827 139.4309 139.4817 139.5391 139.5999 139.6577 139.7205 139.7784 139.8353 139.9005 139.9473 140.0007 140.0384 140.0764 140.1135 140.1513 140.1868 140.2181 140.2389 140.2516 140.2484 140.2472 140.2197 140.2003 140.1706 140.1032 140.0967 140.0258 140.0522 140.0615 140.1006 140.1534 140.1797 140.2097 140.2265 140.2431 140.2519 140.262 140.2598
138.8532 138.8644 138.8871 138.8975 138.9209 138.9313 138.9596 138.97 138.9985 139.0089 139.037 139.0529 139.0858 139.1048 139.1426 139.1685 139.2111 139.2398 139.2882 139.3167 139.37 139.3965 139.4501 139.4798 139.5349 139.573 139.6377 139.6849 139.7574 139.8126 139.8813 139.9401 140.0044 140.058 140.1166 140.1619 140.2084 140.2492 140.2828 140.3222 140.3488 140.3867 140.3972 140.42 140.3937 140.3904 140.3385 140.3003 140.246 140.19 140.1388 140.1051 140.068 140.0766 140.08 140.1195 140.1512 140.1816 140.2058 140.2225 140.2356 140.2432 140.2435
138.9373 138.9559 138.9719 138.9859 139.0058 139.0223 139.044 139.0666 139.0874 139.1152 139.1356 139.1687 139.1938 139.2351 139.2676 139.3075 139.3467 139.3839 139.4259 139.4662 139.5064 139.5502 139.5923 139.6349 139.6829 139.7291 139.7855 139.8409 139.9064 139.9659 140.0332 140.0935 140.1541 140.2149 140.2621 140.3201 140.3569 140.3991 140.4333 140.4634 140.495 140.5268 140.5463 140.5622 140.5503 140.5262 140.4685 140.4244 140.3421 140.2553 140.1889 140.0765 140.0627 140.0175 140.0495 140.0921 140.1232 140.1639 140.1823 140.2041 140.2146 140.2285 140.2296
139.0778 139.0947 139.1061 139.1255 139.1388 139.1601 139.1821 139.2057 139.2304 139.2558 139.282 139.3132 139.3469 139.3848 139.4229 139.4687 139.5066 139.5516 139.5905 139.6306 139.6723 139.7101 139.7517 139.7927 139.836 139.8809 139.932 139.9852 140.0431 140.1059 140.1649 140.2297 140.2836 140.3387 140.387 140.4317 140.4731 140.5121 140.543 140.5816 140.6066 140.6412 140.6576 140.6786 140.6605 140.639 140.5728 140.4926 140.4096 140.2993 140.2164 140.1398 140.0628 140.0554 140.0241 140.0636 140.0878 140.1263 140.1581 140.1788 140.1957 140.2057 140.2089
139.2136 139.2302 139.2431 139.2553 139.271 139.2873 139.307 139.3322 139.3555 139.3848 139.4126 139.4476 139.4816 139.5267 139.565 139.6129 139.6518 139.6938 139.7299 139.7699 139.8041 139.8436 139.8796 139.9162 139.9571 139.9996 140.0471 140.098 140.1516 140.2055 140.2628 140.3185 140.3721 140.4248 140.4663 140.5193 140.5528 140.5952 140.6238 140.6549 140.6824 140.7146 140.7389 140.7622 140.7602 140.7276 140.6686 140.5932 140.4803 140.3743 140.2594 140.1266 140.0698 139.9816 139.9987 140.0131 140.0522 140.1053 140.1288 140.1596 140.1725 140.188 140.1924
139.3415 139.3557 139.3658 139.3831 139.3947 139.4146 139.4328 139.4567 139.4809 139.5094 139.5385 139.5734 139.6117 139.6532 139.6953 139.742 139.7803 139.826 139.8607 139.8994 139.9299 139.9651 139.9924 140.0327 140.0617 140.1087 140.1432 140.1952 140.2365 140.2936 140.3375 140.3949 140.438 140.4887 140.5308 140.5708 140.6105 140.6445 140.6772 140.7112 140.7385 140.7747 140.7983 140.8249 140.8173 140.8025 140.736 140.6403 140.5421 140.3872 140.2869 140.1575 140.0565 140.0202 139.9596 139.9973 140.0117 140.0578 140.1021 140.1261 140.1503 140.163 140.1698
139.4491 139.4642 139.4757 139.4873 139.4994 139.5153 139.5322 139.5565 139.5801 139.6091 139.6424 139.6777 139.7188 139.7628 139.8054 139.8528 139.892 139.9363 139.9676 140.0058 140.0322 140.0639 140.0895 140.119 140.1479 140.1842 140.218 140.2625 140.3 140.3458 140.3887 140.4348 140.4797 140.5249 140.5631 140.6114 140.6428 140.6856 140.7126 140.7501 140.7782 140.8149 140.8442 140.8713 140.8805 140.854 140.8024 140.7155 140.586 140.4567 140.3062 140.1561 140.0637 139.941 139.9418 139.9272 139.9746 140.0337 140.0665 140.1089 140.1257 140.1433 140.1514
139.5314 139.546 139.5558 139.5699 139.5802 139.5955 139.6121 139.6326 139.6564 139.6859 139.7182 139.7564 139.7977 139.8402 139.884 139.927 139.9676 140.0079 140.0441 140.0767 140.1064 140.1318 140.155 140.1823 140.2059 140.2416 140.2702 140.3101 140.3437 140.3853 140.4239 140.4685 140.5078 140.5543 140.5929 140.6311 140.672 140.7071 140.7436 140.7789 140.8129 140.8516 140.8828 140.911 140.9117 140.9058 140.8446 140.7514 140.6383 140.4579 140.3401 140.1654 140.0468 139.977 139.8919 139.9238 139.9313 139.9856 140.0377 140.0668 140.101 140.1169 140.1283
139.5914 139.6056 139.6155 139.6279 139.6365 139.652 139.6659 139.6866 139.7086 139.736 139.7691 139.8048 139.8468 139.8907 139.9343 139.9771 140.0158 140.06 140.0895 140.128 140.1507 140.1775 140.1975 140.2213 140.2445 140.2757 140.303 140.3401 140.3702 140.4094 140.4451 140.4862 140.5256 140.5683 140.6057 140.6514 140.6835 140.7309 140.7601 140.8092 140.8421 140.8826 140.9178 140.9445 140.9629 140.9462 140.9021 140.8098 140.6689 140.5254 140.346 140.1762 140.0531 139.9038 139.8873 139.8419 139.8955 139.9544 139.998 140.0526 140.074 140.0963 140.1083
139.6384 139.6514 139.6628 139.6733 139.6858 139.6978 139.7129 139.7306 139.7506 139.778 139.8084 139.8464 139.8855 139.9282 139.9698 140.013 140.0527 140.0899 140.1238 140.153 140.1813 140.204 140.2285 140.2505 140.2739 140.3007 140.3265 140.3576 140.3893 140.4245 140.4622 140.5031 140.5415 140.5845 140.6227 140.6635 140.7051 140.745 140.789 140.8305 140.8716 140.9143 140.9494 140.9842 140.9937 140.9949 140.936 140.8459 140.7231 140.5234 140.3872 140.1776 140.0422 139.9422 139.836 139.8604 139.8509 139.9129 139.9708 140.0061 140.0485 140.0683 140.0844
139.6721 139.687 139.6973 139.7115 139.72 139.7359 139.748 139.7643 139.7841 139.8089 139.8384 139.8711 139.9091 139.9501 139.991 140.0323 140.0696 140.111 140.1401 140.1751 140.1959 140.2235 140.2412 140.268 140.2901 140.3164 140.3424 140.373 140.4018 140.4393 140.4719 140.5125 140.5487 140.5918 140.6299 140.6773 140.7132 140.7678 140.8034 140.8603 140.8997 140.9462 140.9863 141.0184 141.043 141.0313 140.992 140.8958 140.7487 140.5924 140.3901 140.2063 140.0545 139.8867 139.8497 139.7738 139.8263 139.8733 139.9262 139.992 140.0175 140.0459 140.0609
139.698 139.7134 139.7276 139.7398 139.7534 139.7641 139.7786 139.7933 139.8118 139.8341 139.8608 139.8934 139.9276 139.9675 140.0058 140.0482 140.0861 140.1212 140.1544 140.1797 140.2076 140.2299 140.2544 140.2788 140.3025 140.3298 140.3548 140.382 140.4136 140.4441 140.4826 140.519 140.5578 140.6005 140.6417 140.6882 140.736 140.7816 140.8323 140.8789 140.9287 140.976 141.0199 141.0624 141.0758 141.0816 141.0233 140.9351 140.801 140.5954 140.4393 140.2082 140.0577 139.9301 139.8045 139.8121 139.7828 139.8459 139.9002 139.9416 139.9915 140.0134 140.0346
