data/raw_data/rasters/lyr1_top_new.txt
ncols         372
nrows         289
xllcorner     426897.599538
yllcorner     6654704.081442
cellsize      2
NODATA_value  -9999
[rows 56 to 83 of 289, columns 63 to 125 of 372]
135.307 135.3188 135.3306 135.3425 135.3542 135.3656 135.3753 135.3802 135.3772 135.3658 135.3478 135.3284 135.3192 135.3415 135.4243 135.598 135.8794 136.2634 136.7206 137.1949 137.6228 137.9616 138.2025 138.3631 138.4729 138.5673 138.6781 138.8171 138.9738 139.1324 139.2854 139.4293 139.5631 139.6874 139.8047 139.9184 140.0337 140.155 140.2775 140.3931 140.5002 140.6022 140.7063 140.8176 140.9326 141.0467 141.1673 141.3192 141.5337 141.8201 142.1431 142.4346 142.6354 142.7257 142.7324 142.7026 142.6719 142.664 142.6994 142.7871 142.9186 143.0768 143.2447
135.3078 135.3197 135.3316 135.3434 135.3553 135.3671 135.3777 135.3839 135.3828 135.375 135.3622 135.3452 135.3261 135.3145 135.3321 135.4162 135.6026 135.9065 136.3197 136.8056 137.3011 137.7398 138.0815 138.321 138.4783 138.5889 138.6945 138.824 138.9769 139.1345 139.2852 139.4266 139.5581 139.6804 139.7959 139.9088 140.0253 140.1477 140.2691 140.3831 140.4907 140.5959 140.7066 140.8255 140.9474 141.0677 141.1973 141.3652 141.6012 141.9027 142.2217 142.4883 142.6531 142.7123 142.7019 142.6676 142.6401 142.6424 142.6947 142.8029 142.9586 143.1432 143.3384
135.3085 135.3204 135.3323 135.3442 135.3562 135.3678 135.3771 135.3809 135.3775 135.3693 135.3597 135.3474 135.3303 135.3078 135.2885 135.3044 135.4016 135.614 135.9539 136.4081 136.9292 137.4449 137.8877 138.2226 138.4498 138.5984 138.7124 138.8346 138.9808 139.1364 139.2849 139.423 139.5513 139.6716 139.7863 139.8999 140.0191 140.1437 140.2651 140.3788 140.4867 140.5946 140.7111 140.8368 140.9644 141.0916 141.2321 141.4171 141.6714 141.9822 142.2917 142.5306 142.6614 142.6946 142.6721 142.6349 142.612 142.6276 142.6998 142.8323 143.0148 143.2279 143.4524
135.3094 135.3211 135.333 135.345 135.3568 135.3673 135.3737 135.3733 135.3655 135.3541 135.3439 135.3354 135.3243 135.3044 135.2738 135.2516 135.2803 135.4061 135.6605 136.0531 136.559 137.1162 137.6431 138.0741 138.3834 138.5868 138.7245 138.8449 138.9813 139.1321 139.2776 139.4119 139.5374 139.6566 139.7723 139.8892 140.0129 140.1406 140.2634 140.3774 140.4855 140.5959 140.7173 140.848 140.9802 141.1142 141.2669 141.4686 141.7377 142.0521 142.3486 142.5599 142.6603 142.6732 142.6426 142.6051 142.5895 142.6219 142.7179 142.8782 143.0904 143.3329 143.5866
135.3109 135.3219 135.3337 135.3456 135.3569 135.3652 135.3677 135.3631 135.3516 135.3367 135.3247 135.3186 135.3131 135.2999 135.2722 135.2377 135.2259 135.284 135.4571 135.7759 136.2386 136.8016 137.3839 137.8976 138.2884 138.5542 138.7262 138.8521 138.9769 139.1158 139.2549 139.3847 139.5083 139.6283 139.7469 139.8696 139.9999 140.1319 140.2566 140.3711 140.4795 140.5936 140.7199 140.8551 140.9915 141.1323 141.2973 141.5152 141.7963 142.1098 142.3895 142.5738 142.6492 142.6477 142.6128 142.5782 142.5735 142.6253 142.7472 142.9387 143.1837 143.4579 143.7399
135.3137 135.3227 135.3344 135.3461 135.3558 135.3608 135.3597 135.3518 135.338 135.3211 135.3083 135.3036 135.3019 135.2946 135.2744 135.2423 135.2154 135.2319 135.3417 135.5907 135.998 136.5399 137.1457 137.7187 138.1812 138.5083 138.7186 138.855 138.9667 139.0859 139.2124 139.336 139.4579 139.5796 139.7027 139.8324 139.9699 140.1066 140.2339 140.3504 140.4617 140.5807 140.7134 140.8541 140.9961 141.1441 141.3212 141.5546 141.8459 142.155 142.4149 142.5743 142.6299 142.6185 142.5819 142.5524 142.5609 142.6342 142.7854 143.0115 143.2913 143.5967 143.9026
135.3185 135.3239 135.3351 135.3457 135.3529 135.3548 135.3507 135.3409 135.3256 135.3084 135.2959 135.2919 135.2923 135.2902 135.2785 135.2551 135.2287 135.2261 135.2937 135.4863 135.8398 136.3477 136.9535 137.5625 138.0811 138.4613 138.7067 138.8531 138.951 139.0447 139.1523 139.2669 139.3853 139.5084 139.6362 139.7727 139.9166 140.0572 140.1871 140.3067 140.4233 140.5502 140.6912 140.8398 140.9899 141.148 141.3388 141.5875 141.8869 142.1893 142.4293 142.566 142.6052 142.5866 142.5495 142.5255 142.5476 142.6433 142.8253 143.0864 143.3982 143.7293 144.0527
135.3255 135.3261 135.3353 135.3439 135.3484 135.3478 135.3421 135.3308 135.3149 135.2982 135.2863 135.2822 135.2842 135.2875 135.2847 135.2703 135.2489 135.2392 135.2827 135.4369 135.7485 136.2248 136.8215 137.4488 138.0054 138.4253 138.6964 138.8484 138.9315 138.9982 139.0822 139.1847 139.2977 139.4202 139.5518 139.694 139.8422 139.9849 140.1156 140.237 140.3607 140.4982 140.6503 140.8091 140.9702 141.1422 141.3499 141.6146 141.9214 142.2167 142.4376 142.5523 142.5765 142.5522 142.5161 142.4982 142.5338 142.6499 142.8578 143.146 143.4829 143.8347 144.172
135.334 135.3295 135.3347 135.3408 135.3432 135.3414 135.3345 135.3221 135.3062 135.29 135.2777 135.2731 135.2768 135.2851 135.2888 135.2798 135.2625 135.2521 135.285 135.4187 135.7062 136.1631 136.7519 137.3862 137.9632 138.4066 138.6926 138.8449 138.9132 138.9543 139.013 139.1008 139.2073 139.3276 139.4615 139.6067 139.755 139.8956 140.0246 140.1472 140.278 140.4277 140.5928 140.764 140.9381 141.1266 141.3538 141.636 141.951 142.2391 142.4406 142.5339 142.5444 142.5163 142.4831 142.4736 142.5231 142.656 142.8811 143.1856 143.5391 143.907 144.2535
135.3431 135.3335 135.3336 135.3373 135.3388 135.3362 135.328 135.3151 135.2992 135.2824 135.2691 135.2643 135.2693 135.2799 135.285 135.2769 135.2614 135.2542 135.2864 135.4153 135.6966 136.1481 136.735 137.3713 137.9539 138.4059 138.6967 138.8451 138.8997 138.9191 138.9544 139.0267 139.1263 139.243 139.376 139.5201 139.664 139.7991 139.9248 140.0482 140.1858 140.3471 140.5258 140.7112 140.9 141.1054 141.3526 141.6526 141.9752 142.2553 142.437 142.5109 142.5106 142.4808 142.4521 142.4534 142.5172 142.664 142.9003 143.2126 143.5732 143.949 144.2973
135.3517 135.3372 135.3331 135.3347 135.3361 135.3322 135.323 135.3096 135.2928 135.2744 135.26 135.2551 135.2598 135.2684 135.2704 135.2596 135.2443 135.2406 135.2801 135.4178 135.7073 136.1651 136.7561 137.3916 137.9694 138.4163 138.7034 138.8467 138.8918 138.8954 138.9118 138.9693 139.0611 139.1727 139.3013 139.4406 139.5776 139.706 139.827 139.9512 140.0954 140.2667 140.4586 140.6598 140.8659 141.0892 141.3555 141.6708 141.997 142.2663 142.4289 142.4858 142.4773 142.4468 142.4239 142.4378 142.5161 142.6748 142.9173 143.2286 143.5856 143.9586 144.3042
135.3583 135.3401 135.3333 135.334 135.3342 135.3291 135.319 135.3044 135.2856 135.2655 135.2505 135.2446 135.2457 135.248 135.2434 135.2297 135.2145 135.2157 135.269 135.426 135.7335 136.2044 136.8008 137.4312 137.9939 138.4248 138.7029 138.8433 138.8858 138.8804 138.8821 138.9259 139.0092 139.1151 139.2384 139.3709 139.5003 139.6216 139.738 139.8629 140.013 140.1935 140.3994 140.6204 140.8491 141.0941 141.3773 141.7003 142.0216 142.2747 142.4181 142.4602 142.4446 142.4141 142.398 142.4252 142.5177 142.6856 142.9285 143.2309 143.5742 143.9343 144.2713
135.3601 135.3395 135.3317 135.3315 135.3308 135.3249 135.3135 135.2966 135.2758 135.2551 135.2392 135.2302 135.2251 135.2183 135.2063 135.1908 135.1792 135.191 135.264 135.4459 135.7749 136.2605 136.8587 137.4748 138.0132 138.4216 138.689 138.8302 138.8758 138.8669 138.857 138.8882 138.963 139.0643 139.1831 139.3094 139.4312 139.5461 139.659 139.7852 139.9409 140.1318 140.355 140.6019 140.8606 141.131 141.4275 141.7476 142.0531 142.2843 142.4064 142.4341 142.4131 142.3833 142.3742 142.4133 142.5183 142.6931 142.9317 143.2188 143.5405 143.8789 144.199
135.3546 135.3318 135.3228 135.3216 135.3208 135.3146 135.3013 135.2828 135.2616 135.2411 135.2235 135.2095 135.197 135.1822 135.1646 135.1496 135.1468 135.1759 135.2724 135.4789 135.8292 136.3275 136.9223 137.5162 138.0241 138.4066 138.6624 138.8057 138.8586 138.8512 138.8323 138.8509 138.918 139.0167 139.1329 139.2537 139.3692 139.4786 139.5893 139.7186 139.8829 140.0889 140.3364 140.6154 140.9064 141.1993 141.5024 141.8113 142.0923 142.2955 142.3942 142.4082 142.3831 142.3551 142.3516 142.4001 142.5148 142.6942 142.925 143.1908 143.4847 143.7943 144.0908
135.3419 135.3168 135.3047 135.3019 135.3005 135.2934 135.2793 135.2611 135.2416 135.2216 135.2018 135.1826 135.1632 135.1428 135.1237 135.1138 135.1244 135.1735 135.2926 135.5214 135.8905 136.3991 136.9871 137.5558 138.03 138.3848 138.6283 138.7751 138.8382 138.8357 138.8093 138.8148 138.8744 138.9728 139.0879 139.2046 139.3151 139.4206 139.5317 139.669 139.8473 140.0748 140.3538 140.6692 140.9877 141.2922 141.5896 141.8799 142.132 142.3043 142.3798 142.3821 142.3544 142.3283 142.3298 142.3849 142.5045 142.6834 142.9021 143.1428 143.4048 143.6816 143.9499
135.326 135.2984 135.2823 135.2757 135.2715 135.2628 135.249 135.2332 135.2161 135.197 135.1756 135.1518 135.1267 135.1033 135.0869 135.0864 135.112 135.1806 135.3198 135.5683 135.9541 136.4697 137.0486 137.5927 138.0342 138.3616 138.5945 138.7477 138.8225 138.8255 138.793 138.786 138.8386 138.9376 139.0528 139.1663 139.2738 139.3791 139.4977 139.6496 139.8473 140.101 140.4141 140.7608 141.0959 141.397 141.6764 141.9395 142.1611 142.3056 142.3623 142.3558 142.3263 142.3021 142.3085 142.3683 142.487 142.6563 142.8542 143.0666 143.2953 143.5381 143.7727
135.3126 135.2854 135.2642 135.2502 135.2406 135.2298 135.2173 135.2041 135.1893 135.1714 135.1488 135.121 135.0913 135.0676 135.0572 135.0673 135.1078 135.193 135.3492 135.6141 136.015 136.536 137.1054 137.6272 138.0403 138.3439 138.5693 138.73 138.8162 138.8255 138.7897 138.7731 138.8192 138.9182 139.0338 139.1461 139.2543 139.3673 139.5032 139.6786 139.903 140.1868 140.526 140.8835 141.2112 141.4934 141.7462 141.9787 142.1738 142.2985 142.3424 142.3302 142.2995 142.2774 142.2881 142.3502 142.4632 142.6131 142.7803 142.9576 143.1504 143.3545 143.5506
135.3057 135.2828 135.2584 135.235 135.2165 135.2023 135.1905 135.1794 135.1667 135.1493 135.1252 135.0941 135.0616 135.0387 135.0344 135.055 135.1085 135.2074 135.3769 135.6559 136.0711 136.5984 137.1589 137.6612 138.0513 138.3366 138.5564 138.7237 138.8212 138.8394 138.8055 138.7827 138.8225 138.92 139.0367 139.1523 139.2683 139.3979 139.5604 139.7676 140.0268 140.34 140.6866 141.023 141.3153 141.5625 141.7856 141.9945 142.1727 142.2859 142.3217 142.3054 142.274 142.2543 142.2682 142.329 142.4316 142.5584 142.6907 142.8275 142.977 143.1357 143.2899
135.3034 135.2877 135.2646 135.2347 135.2066 135.1863 135.173 135.1624 135.1502 135.1322 135.1057 135.0728 135.04 135.0177 135.0174 135.0462 135.11 135.2198 135.4027 135.6974 136.1267 136.6598 137.2124 137.6969 138.0679 138.3387 138.5531 138.7258 138.8356 138.8674 138.8414 138.8171 138.8507 138.9453 139.065 139.1889 139.3199 139.4729 139.6665 139.9082 140.2 140.5289 140.8592 141.1516 141.3932 141.599 141.7954 141.992 142.1639 142.2709 142.3002 142.2805 142.2485 142.2308 142.2468 142.304 142.395 142.4997 142.5997 142.6971 142.8013 142.9134 143.026
135.3015 135.2922 135.2738 135.2439 135.2101 135.183 135.165 135.152 135.1381 135.1181 135.0898 135.0569 135.0251 135.0041 135.0068 135.0415 135.1119 135.2314 135.4306 135.7447 136.1892 136.7266 137.27 137.7365 138.0893 138.347 138.5562 138.7329 138.8553 138.9048 138.8939 138.8741 138.9037 138.9945 139.118 139.2538 139.4029 139.5807 139.8026 140.0706 140.3777 140.7003 140.9967 141.2383 141.429 141.5987 141.7808 141.9781 142.1511 142.2535 142.2769 142.2537 142.2204 142.2029 142.2196 142.274 142.3576 142.4469 142.5229 142.5897 142.6589 142.7333 142.8094
135.2976 135.2932 135.279 135.2535 135.2211 135.19 135.1656 135.1473 135.1297 135.107 135.0779 135.0455 135.0156 134.9978 135.004 135.0422 135.1168 135.2469 135.4662 135.804 136.2645 136.8031 137.3331 137.7787 138.1124 138.358 138.5631 138.7429 138.8776 138.9468 138.9576 138.95 138.9788 139.0648 139.1916 139.3404 139.5084 139.7071 139.9458 140.2223 140.5238 140.8203 141.0741 141.2663 141.4145 141.5646 141.7502 141.9587 142.1354 142.2331 142.251 142.2246 142.1896 142.1706 142.1854 142.2377 142.3185 142.4023 142.4685 142.5202 142.5699 142.6207 142.6714
135.2917 135.2906 135.2798 135.2602 135.2343 135.2045 135.1751 135.1498 135.1268 135.1008 135.0706 135.0393 135.0128 135.0001 135.0102 135.0506 135.131 135.2757 135.5184 135.882 136.359 136.8936 137.4016 137.8198 138.1319 138.3665 138.5686 138.7523 138.8996 138.9907 139.0273 139.0384 139.0703 139.1508 139.2796 139.4433 139.6319 139.8451 140.0849 140.3494 140.6238 140.8791 141.0847 141.2352 141.3604 141.5125 141.7166 141.9393 142.1173 142.2091 142.222 142.194 142.1586 142.1372 142.1479 142.1964 142.2756 142.3609 142.4304 142.4831 142.5284 142.5699 142.6093
135.2846 135.2876 135.2825 135.2688 135.2487 135.2225 135.192 135.1611 135.1317 135.1017 135.0703 135.0404 135.0182 135.0116 135.0263 135.071 135.1615 135.3243 135.5918 135.9823 136.4731 136.9949 137.4693 137.8511 138.1377 138.3607 138.5615 138.7523 138.9161 139.0315 139.095 139.1278 139.1666 139.2435 139.3746 139.5547 139.7661 139.9918 140.2225 140.4567 140.6859 140.8886 141.0479 141.1717 141.2959 141.4669 141.6923 141.924 142.0983 142.182 142.1905 142.1634 142.13 142.1074 142.1132 142.1574 142.2346 142.3229 142.4008 142.4621 142.5116 142.5531 142.5912
135.2782 135.2874 135.2904 135.283 135.2648 135.2408 135.2126 135.1803 135.1458 135.1116 135.0793 135.0513 135.0335 135.0332 135.0552 135.1085 135.2119 135.3958 135.6908 136.106 136.6007 137.0958 137.5246 137.8623 138.1198 138.3316 138.5328 138.7335 138.9182 139.0611 139.1514 139.2041 139.2519 139.3306 139.4657 139.6589 139.8906 140.131 140.3526 140.5494 140.726 140.8778 141.0021 141.1149 141.2514 141.4429 141.6817 141.9135 142.079 142.1537 142.1588 142.1338 142.1042 142.0826 142.0854 142.126 142.2018 142.2927 142.3781 142.4478 142.5029 142.5473 142.5865
135.2716 135.2857 135.2962 135.2956 135.2806 135.2578 135.2332 135.2036 135.1679 135.1309 135.0977 135.0711 135.0582 135.0669 135.1006 135.1666 135.287 135.4973 135.8233 136.2536 136.7321 137.1833 137.5582 137.8507 138.0806 138.2827 138.4849 138.6964 138.9034 139.0749 139.1904 139.2598 139.3179 139.4037 139.5436 139.7415 139.9827 140.2321 140.4474 140.6139 140.7465 140.8603 140.9647 141.079 141.2324 141.4402 141.6828 141.9062 142.059 142.1251 142.128 142.1056 142.0801 142.0608 142.0631 142.1025 142.1794 142.2742 142.365 142.4399 142.499 142.5459 142.5857
135.2602 135.2783 135.291 135.2968 135.289 135.2711 135.2504 135.2258 135.1936 135.1565 135.122 135.0969 135.0914 135.1134 135.1645 135.2527 135.4018 135.6441 135.9937 136.4198 136.8594 137.2536 137.5729 137.8237 138.0317 138.2266 138.4304 138.6515 138.8764 139.0714 139.2093 139.2962 139.368 139.4646 139.6089 139.8038 140.0368 140.2775 140.482 140.6285 140.7331 140.8255 140.9268 141.0569 141.2328 141.4534 141.6921 141.9008 142.0389 142.0972 142.0994 142.0791 142.0559 142.0371 142.0383 142.0792 142.1628 142.2667 142.3637 142.4418 142.5025 142.5505 142.5906
135.2398 135.2602 135.273 135.2821 135.2832 135.2749 135.262 135.2439 135.2167 135.1822 135.1483 135.1272 135.1317 135.1694 135.2454 135.3727 135.5685 135.8471 136.2054 136.6043 136.9872 137.3153 137.5779 137.7909 137.9822 138.176 138.3835 138.6089 138.8418 139.0508 139.2093 139.3187 139.4107 139.5212 139.6698 139.8564 140.068 140.281 140.4629 140.5933 140.6857 140.7752 140.8917 141.0483 141.2472 141.4754 141.705 141.8961 142.0192 142.0709 142.0725 142.0535 142.0292 142.006 142.003 142.0474 142.1443 142.2654 142.3732 142.4542 142.5147 142.5621 142.6023
135.2112 135.228 135.2403 135.2519 135.2619 135.2673 135.2656 135.2546 135.2327 135.2021 135.1717 135.1574 135.1741 135.2316 135.342 135.523 135.7798 136.1014 136.4619 136.819 137.1288 137.3784 137.5796 137.7576 137.9376 138.1336 138.3449 138.5708 138.8044 139.0195 139.1935 139.3283 139.4481 139.5799 139.736 139.9134 140.0996 140.2773 140.4275 140.5412 140.6323 140.7346 140.8754 141.0584 141.2717 141.4987 141.7152 141.8893 141.9996 142.0464 142.0474 142.0277 141.9986 141.9658 141.9562 142.0055 142.1197 142.2636 142.3879 142.4736 142.5326 142.5787 142.6188
