data/raw_data/rasters/lyr1_botm.txt
ncols         742
nrows         576
xllcorner     426899.09953807
yllcorner     6654705.5814418
cellsize      1
NODATA_value  -9999
[rows 112 to 139 of 576, columns 63 to 125 of 742]
129.4638 129.4625 129.4612 129.46 129.4588 129.4577 129.4566 129.4556 129.4546 129.4536 129.4527 129.4519 129.4511 129.4503 129.4496 129.449 129.4484 129.4479 129.4474 129.447 129.4467 129.4464 129.4462 129.4461 129.446 129.446 129.4461 129.4463 129.4465 129.4468 129.4472 129.4476 129.4482 129.4488 129.4496 129.4504 129.4513 129.4523 129.4534 129.4545 129.4558 129.4572 129.4587 129.4602 129.4619 129.4637 129.4656 129.4676 129.4697 129.472 129.4743 129.4768 129.4794 129.4821 129.4849 129.4878 129.4909 129.4941 129.4974 129.5009 129.5045 129.5082 129.5121
129.4586 129.4573 129.456 129.4547 129.4535 129.4523 129.4512 129.4501 129.449 129.448 129.4471 129.4462 129.4453 129.4445 129.4438 129.4431 129.4425 129.4419 129.4414 129.441 129.4406 129.4403 129.44 129.4398 129.4397 129.4397 129.4397 129.4398 129.44 129.4403 129.4406 129.4411 129.4416 129.4422 129.4428 129.4436 129.4445 129.4454 129.4465 129.4476 129.4488 129.4502 129.4516 129.4532 129.4548 129.4565 129.4584 129.4604 129.4625 129.4647 129.467 129.4694 129.4719 129.4746 129.4774 129.4803 129.4834 129.4865 129.4898 129.4933 129.4968 129.5005 129.5044
129.4534 129.452 129.4506 129.4493 129.4481 129.4468 129.4456 129.4445 129.4434 129.4424 129.4414 129.4404 129.4395 129.4387 129.4379 129.4372 129.4365 129.4359 129.4353 129.4348 129.4344 129.434 129.4337 129.4335 129.4334 129.4333 129.4333 129.4333 129.4335 129.4337 129.434 129.4344 129.4348 129.4354 129.436 129.4367 129.4376 129.4385 129.4395 129.4406 129.4418 129.4431 129.4445 129.446 129.4476 129.4493 129.4511 129.453 129.4551 129.4572 129.4595 129.4619 129.4644 129.467 129.4698 129.4727 129.4757 129.4788 129.4821 129.4855 129.489 129.4927 129.4965
129.4481 129.4467 129.4453 129.4439 129.4426 129.4413 129.4401 129.4389 129.4377 129.4366 129.4356 129.4346 129.4337 129.4328 129.4319 129.4311 129.4304 129.4297 129.4292 129.4286 129.4281 129.4277 129.4274 129.4271 129.4269 129.4268 129.4267 129.4267 129.4268 129.427 129.4272 129.4276 129.428 129.4285 129.4291 129.4298 129.4306 129.4314 129.4324 129.4334 129.4346 129.4358 129.4372 129.4387 129.4402 129.4419 129.4437 129.4456 129.4476 129.4497 129.4519 129.4543 129.4568 129.4594 129.4621 129.4649 129.4679 129.471 129.4742 129.4776 129.4811 129.4848 129.4885
129.4427 129.4413 129.4398 129.4384 129.437 129.4357 129.4344 129.4332 129.432 129.4308 129.4297 129.4287 129.4277 129.4268 129.4259 129.425 129.4243 129.4236 129.4229 129.4223 129.4218 129.4213 129.4209 129.4206 129.4204 129.4202 129.4201 129.42 129.4201 129.4202 129.4204 129.4207 129.4211 129.4215 129.4221 129.4227 129.4234 129.4243 129.4252 129.4262 129.4273 129.4285 129.4298 129.4313 129.4328 129.4344 129.4362 129.438 129.44 129.442 129.4442 129.4466 129.449 129.4516 129.4543 129.4571 129.46 129.4631 129.4663 129.4696 129.4731 129.4767 129.4804
129.4373 129.4358 129.4343 129.4328 129.4314 129.43 129.4287 129.4274 129.4262 129.425 129.4238 129.4227 129.4217 129.4207 129.4198 129.4189 129.418 129.4173 129.4166 129.4159 129.4154 129.4149 129.4144 129.414 129.4137 129.4135 129.4134 129.4133 129.4133 129.4133 129.4135 129.4138 129.4141 129.4145 129.415 129.4156 129.4163 129.417 129.4179 129.4189 129.4199 129.4211 129.4224 129.4238 129.4252 129.4268 129.4285 129.4303 129.4323 129.4343 129.4365 129.4387 129.4411 129.4436 129.4463 129.4491 129.452 129.455 129.4582 129.4615 129.4649 129.4685 129.4722
129.4319 129.4303 129.4287 129.4272 129.4257 129.4243 129.4229 129.4216 129.4203 129.419 129.4178 129.4167 129.4156 129.4145 129.4135 129.4126 129.4117 129.4109 129.4102 129.4095 129.4089 129.4083 129.4078 129.4074 129.407 129.4068 129.4066 129.4064 129.4064 129.4064 129.4065 129.4067 129.407 129.4073 129.4078 129.4083 129.409 129.4097 129.4105 129.4115 129.4125 129.4136 129.4148 129.4162 129.4176 129.4191 129.4208 129.4225 129.4244 129.4264 129.4286 129.4308 129.4332 129.4356 129.4382 129.441 129.4438 129.4468 129.45 129.4532 129.4566 129.4602 129.4639
129.4263 129.4247 129.4231 129.4215 129.42 129.4185 129.4171 129.4157 129.4143 129.413 129.4118 129.4106 129.4094 129.4083 129.4073 129.4063 129.4054 129.4045 129.4037 129.403 129.4023 129.4017 129.4011 129.4007 129.4002 129.3999 129.3997 129.3995 129.3994 129.3994 129.3994 129.3996 129.3998 129.4001 129.4005 129.401 129.4016 129.4023 129.403 129.4039 129.4049 129.406 129.4072 129.4084 129.4098 129.4113 129.4129 129.4147 129.4165 129.4185 129.4205 129.4227 129.425 129.4275 129.4301 129.4328 129.4356 129.4385 129.4416 129.4449 129.4482 129.4517 129.4554
129.4207 129.419 129.4174 129.4158 129.4142 129.4126 129.4111 129.4097 129.4083 129.4069 129.4056 129.4044 129.4032 129.402 129.4009 129.3999 129.3989 129.398 129.3971 129.3963 129.3956 129.395 129.3944 129.3938 129.3934 129.393 129.3927 129.3925 129.3923 129.3922 129.3922 129.3923 129.3925 129.3928 129.3931 129.3936 129.3941 129.3947 129.3955 129.3963 129.3972 129.3983 129.3994 129.4006 129.402 129.4034 129.405 129.4067 129.4085 129.4104 129.4124 129.4146 129.4168 129.4192 129.4218 129.4244 129.4272 129.4301 129.4332 129.4364 129.4397 129.4431 129.4468
129.4151 129.4133 129.4116 129.4099 129.4083 129.4067 129.4052 129.4037 129.4022 129.4008 129.3994 129.3981 129.3969 129.3957 129.3945 129.3934 129.3924 129.3914 129.3905 129.3897 129.3889 129.3882 129.3875 129.3869 129.3864 129.386 129.3856 129.3853 129.3851 129.385 129.385 129.385 129.3851 129.3854 129.3857 129.3861 129.3866 129.3871 129.3878 129.3886 129.3895 129.3904 129.3915 129.3927 129.394 129.3954 129.3969 129.3986 129.4003 129.4022 129.4042 129.4063 129.4085 129.4109 129.4134 129.416 129.4187 129.4216 129.4246 129.4277 129.431 129.4345 129.438
129.4094 129.4075 129.4058 129.4041 129.4024 129.4007 129.3991 129.3976 129.3961 129.3946 129.3932 129.3918 129.3905 129.3892 129.388 129.3869 129.3858 129.3848 129.3838 129.3829 129.3821 129.3813 129.3806 129.38 129.3794 129.3789 129.3785 129.3782 129.3779 129.3777 129.3776 129.3776 129.3777 129.3779 129.3781 129.3784 129.3789 129.3794 129.38 129.3808 129.3816 129.3825 129.3836 129.3847 129.386 129.3873 129.3888 129.3904 129.3921 129.3939 129.3958 129.3979 129.4001 129.4024 129.4048 129.4074 129.4101 129.4129 129.4159 129.419 129.4223 129.4256 129.4292
129.4036 129.4017 129.3999 129.3981 129.3964 129.3947 129.393 129.3914 129.3898 129.3883 129.3868 129.3854 129.384 129.3827 129.3815 129.3803 129.3791 129.3781 129.377 129.3761 129.3752 129.3743 129.3736 129.3729 129.3723 129.3717 129.3713 129.3709 129.3706 129.3703 129.3702 129.3701 129.3701 129.3703 129.3705 129.3707 129.3711 129.3716 129.3722 129.3729 129.3736 129.3745 129.3755 129.3766 129.3778 129.3791 129.3805 129.3821 129.3837 129.3855 129.3874 129.3894 129.3915 129.3938 129.3962 129.3987 129.4014 129.4042 129.4071 129.4102 129.4134 129.4167 129.4202
129.3978 129.3958 129.394 129.3921 129.3903 129.3885 129.3868 129.3852 129.3835 129.382 129.3804 129.379 129.3775 129.3762 129.3748 129.3736 129.3724 129.3712 129.3702 129.3692 129.3682 129.3673 129.3665 129.3658 129.3651 129.3645 129.364 129.3635 129.3632 129.3629 129.3627 129.3625 129.3625 129.3626 129.3627 129.3629 129.3633 129.3637 129.3642 129.3649 129.3656 129.3664 129.3673 129.3684 129.3695 129.3708 129.3722 129.3737 129.3753 129.377 129.3788 129.3808 129.3829 129.3851 129.3875 129.3899 129.3925 129.3953 129.3982 129.4012 129.4043 129.4077 129.4111
129.3919 129.3899 129.388 129.386 129.3842 129.3824 129.3806 129.3789 129.3772 129.3756 129.374 129.3724 129.371 129.3695 129.3681 129.3668 129.3656 129.3644 129.3633 129.3622 129.3612 129.3602 129.3594 129.3586 129.3578 129.3572 129.3566 129.3561 129.3557 129.3553 129.3551 129.3549 129.3548 129.3548 129.3549 129.3551 129.3553 129.3557 129.3562 129.3568 129.3574 129.3582 129.3591 129.3601 129.3612 129.3624 129.3637 129.3651 129.3667 129.3684 129.3702 129.3721 129.3741 129.3763 129.3786 129.381 129.3836 129.3863 129.3891 129.3921 129.3952 129.3985 129.4019
129.3859 129.3839 129.3819 129.3799 129.378 129.3761 129.3743 129.3725 129.3708 129.3691 129.3674 129.3658 129.3643 129.3628 129.3614 129.36 129.3587 129.3574 129.3562 129.3551 129.354 129.3531 129.3521 129.3513 129.3505 129.3498 129.3491 129.3486 129.3481 129.3477 129.3474 129.3471 129.347 129.3469 129.347 129.3471 129.3473 129.3476 129.3481 129.3486 129.3492 129.3499 129.3507 129.3517 129.3527 129.3539 129.3551 129.3565 129.358 129.3596 129.3614 129.3633 129.3652 129.3674 129.3696 129.372 129.3745 129.3772 129.38 129.3829 129.386 129.3892 129.3925
129.3799 129.3778 129.3758 129.3737 129.3718 129.3698 129.368 129.3661 129.3643 129.3625 129.3608 129.3592 129.3576 129.356 129.3546 129.3531 129.3517 129.3504 129.3492 129.348 129.3469 129.3458 129.3448 129.3439 129.343 129.3423 129.3416 129.341 129.3404 129.34 129.3396 129.3393 129.3391 129.339 129.339 129.339 129.3392 129.3395 129.3398 129.3403 129.3408 129.3415 129.3423 129.3432 129.3441 129.3452 129.3465 129.3478 129.3492 129.3508 129.3525 129.3543 129.3563 129.3583 129.3605 129.3629 129.3653 129.368 129.3707 129.3736 129.3766 129.3798 129.3831
129.3738 129.3717 129.3696 129.3675 129.3655 129.3635 129.3615 129.3596 129.3578 129.3559 129.3542 129.3525 129.3508 129.3492 129.3477 129.3462 129.3447 129.3433 129.342 129.3408 129.3396 129.3385 129.3374 129.3365 129.3355 129.3347 129.334 129.3333 129.3327 129.3322 129.3317 129.3314 129.3311 129.3309 129.3309 129.3309 129.331 129.3312 129.3315 129.3319 129.3324 129.333 129.3337 129.3345 129.3355 129.3365 129.3377 129.339 129.3404 129.3419 129.3435 129.3453 129.3472 129.3492 129.3513 129.3536 129.356 129.3586 129.3613 129.3641 129.3671 129.3702 129.3735
129.3677 129.3655 129.3633 129.3612 129.3591 129.3571 129.355 129.3531 129.3512 129.3493 129.3475 129.3457 129.344 129.3423 129.3407 129.3391 129.3376 129.3362 129.3348 129.3335 129.3323 129.3311 129.33 129.3289 129.328 129.3271 129.3263 129.3255 129.3249 129.3243 129.3238 129.3234 129.3231 129.3228 129.3227 129.3226 129.3227 129.3228 129.3231 129.3234 129.3239 129.3244 129.3251 129.3259 129.3267 129.3277 129.3288 129.3301 129.3314 129.3329 129.3344 129.3362 129.338 129.34 129.3421 129.3443 129.3466 129.3492 129.3518 129.3546 129.3575 129.3606 129.3638
129.3616 129.3593 129.3571 129.3549 129.3527 129.3506 129.3485 129.3465 129.3445 129.3426 129.3407 129.3388 129.3371 129.3353 129.3336 129.332 129.3305 129.329 129.3275 129.3262 129.3249 129.3236 129.3224 129.3214 129.3203 129.3194 129.3185 129.3177 129.317 129.3163 129.3158 129.3153 129.3149 129.3146 129.3144 129.3143 129.3143 129.3144 129.3146 129.3149 129.3153 129.3158 129.3164 129.3171 129.3179 129.3188 129.3199 129.321 129.3223 129.3237 129.3253 129.3269 129.3287 129.3306 129.3327 129.3348 129.3371 129.3396 129.3422 129.3449 129.3478 129.1597 129.1657
129.3553 129.353 129.3507 129.3484 129.3462 129.344 129.3419 129.3398 129.3378 129.3358 129.3338 129.3319 129.3301 129.3283 129.3266 129.3249 129.3232 129.3217 129.3202 129.3187 129.3174 129.3161 129.3148 129.3137 129.3126 129.3116 129.3106 129.3098 129.309 129.3083 129.3077 129.3071 129.3067 129.3064 129.3061 129.3059 129.3058 129.3059 129.306 129.3062 129.3065 129.307 129.3075 129.3082 129.3089 129.3098 129.3108 129.3119 129.3131 129.3145 129.316 129.3176 129.3193 129.3212 129.3231 129.3253 129.3275 129.3299 129.1381 129.1437 129.1493 129.1552 129.1611
129.3491 129.3467 129.3443 129.342 129.3397 129.3374 129.3353 129.3331 129.331 129.3289 129.3269 129.325 129.323 129.3212 129.3194 129.3176 129.3159 129.3143 129.3128 129.3113 129.3098 129.3085 129.3072 129.3059 129.3048 129.3037 129.3027 129.3018 129.3009 129.3002 129.2995 129.2989 129.2984 129.298 129.2977 129.2974 129.2973 129.2973 129.2973 129.2975 129.2978 129.2981 129.2986 129.2992 129.2999 129.3007 129.3017 129.3027 129.3039 129.3052 129.3066 129.3081 129.3098 129.3116 129.3135 129.3156 129.1229 129.1282 129.1336 129.1391 129.1447 129.1505 129.1565
129.3427 129.3403 129.3378 129.3354 129.3331 129.3308 129.3285 129.3263 129.3241 129.322 129.3199 129.3179 129.3159 129.314 129.3121 129.3103 129.3086 129.3069 129.3053 129.3037 129.3022 129.3008 129.2994 129.2981 129.2969 129.2958 129.2947 129.2937 129.2928 129.292 129.2912 129.2906 129.29 129.2895 129.2892 129.2889 129.2887 129.2886 129.2886 129.2887 129.2889 129.2892 129.2896 129.2901 129.2908 129.2915 129.2924 129.2934 129.2945 129.2957 129.2971 129.2986 129.3002 129.1034 129.1083 129.1132 129.1183 129.1236 129.1289 129.1344 129.1401 129.1458 129.1517
129.3363 129.3338 129.3313 129.3289 129.3265 129.3241 129.3218 129.3195 129.3172 129.315 129.3129 129.3108 129.3088 129.3068 129.3049 129.303 129.3012 129.2994 129.2977 129.2961 129.2945 129.293 129.2916 129.2903 129.289 129.2878 129.2866 129.2856 129.2846 129.2837 129.2829 129.2822 129.2816 129.281 129.2806 129.2802 129.2799 129.2798 129.2797 129.2798 129.2799 129.2802 129.2805 129.281 129.2816 129.2822 129.2831 129.284 129.285 129.2862 129.2875 129.0896 129.0941 129.0988 129.1037 129.1086 129.1137 129.1189 129.1242 129.1297 129.1353 129.141 129.1469
129.3299 129.3273 129.3248 129.3223 129.3198 129.3173 129.3149 129.3126 129.3103 129.308 129.3058 129.3037 129.3016 129.2995 129.2975 129.2956 129.2937 129.2919 129.2901 129.2884 129.2868 129.2852 129.2837 129.2823 129.281 129.2797 129.2785 129.2774 129.2763 129.2754 129.2745 129.2737 129.273 129.2724 129.2719 129.2715 129.2711 129.2709 129.2708 129.2708 129.2708 129.271 129.2713 129.2717 129.2722 129.2729 129.2736 129.2745 129.2755 129.0762 129.0805 129.085 129.0895 129.0942 129.099 129.1039 129.1089 129.1141 129.1194 129.1249 129.1304 129.1361 129.142
129.3234 129.3208 129.3181 129.3156 129.313 129.3105 129.3081 129.3056 129.3033 129.3009 129.2987 129.2964 129.2943 129.2922 129.2901 129.2881 129.2861 129.2843 129.2824 129.2807 129.279 129.2773 129.2758 129.2743 129.2729 129.2715 129.2703 129.2691 129.268 129.267 129.266 129.2652 129.2644 129.2637 129.2631 129.2626 129.2623 129.262 129.2618 129.2617 129.2617 129.2618 129.2621 129.2624 129.2628 129.2634 129.0595 129.0634 129.0675 129.0716 129.0759 129.0803 129.0848 129.0895 129.0942 129.0991 129.1041 129.1093 129.1145 129.1199 129.1255 129.1311 129.1369
129.3169 129.3142 129.3115 129.3088 129.3062 129.3036 129.3011 129.2986 129.2962 129.2938 129.2915 129.2892 129.2869 129.2848 129.2826 129.2805 129.2785 129.2766 129.2747 129.2729 129.2711 129.2694 129.2678 129.2662 129.2647 129.2633 129.262 129.2607 129.2596 129.2585 129.2575 129.2565 129.2557 129.255 129.2543 129.2538 129.2533 129.2529 129.2527 129.2525 129.2525 129.2525 129.2527 129.253 129.0474 129.0511 129.0549 129.0588 129.0628 129.067 129.0712 129.0756 129.08 129.0847 129.0894 129.0942 129.0992 129.1043 129.1096 129.1149 129.1204 129.1261 129.1318
129.3103 129.3075 129.3048 129.302 129.2994 129.2967 129.2941 129.2916 129.2891 129.2866 129.2842 129.2819 129.2796 129.2773 129.2751 129.2729 129.2709 129.2688 129.2669 129.265 129.2632 129.2614 129.2597 129.2581 129.2565 129.255 129.2536 129.2523 129.2511 129.2499 129.2488 129.2478 129.2469 129.2461 129.2454 129.2448 129.2443 129.2438 129.2435 129.2433 129.2432 129.2431 129.0359 129.0393 129.0429 129.0465 129.0503 129.0541 129.0581 129.0622 129.0664 129.0708 129.0752 129.0798 129.0845 129.0893 129.0942 129.0993 129.1045 129.1098 129.1153 129.1209 129.1266
129.3037 129.3008 129.298 129.2952 129.2925 129.2898 129.2871 129.2845 129.2819 129.2794 129.2769 129.2745 129.2721 129.2698 129.2675 129.2653 129.2631 129.261 129.259 129.257 129.2551 129.2533 129.2515 129.2498 129.2482 129.2467 129.2452 129.2438 129.2425 129.2413 129.2401 129.2391 129.2381 129.2372 129.2364 129.2357 129.2352 129.2346 129.2343 129.234 129.0248 129.028 129.0313 129.0347 129.0382 129.0418 129.0455 129.0494 129.0533 129.0574 129.0616 129.0659 129.0703 129.0748 129.0795 129.0842 129.0892 129.0942 129.0993 129.1046 129.1101 129.1156 129.1213
