data/raw_data/rasters/lyr1_top_new.txt
ncols         372
nrows         289
xllcorner     426897.599538
yllcorner     6654704.081442
cellsize      2
NODATA_value  -9999
[rows 56 to 83 of 289, columns 0 to 62 of 372]
134.4539 134.4882 134.5499 134.6211 134.6981 134.7697 134.8255 134.8609 134.8788 134.8857 134.8905 134.8971 134.9063 134.9183 134.9332 134.9513 134.9724 134.9998 135.0455 135.1232 135.2247 135.3098 135.3436 135.3153 135.2409 135.165 135.1183 135.0993 135.1 135.1195 135.1486 135.1734 135.1852 135.1819 135.1673 135.1512 135.143 135.1444 135.1529 135.1666 135.1848 135.206 135.2275 135.247 135.2645 135.2835 135.3083 135.3389 135.3714 135.4014 135.4268 135.4464 135.4604 135.4699 135.4729 135.4634 135.4372 135.3971 135.3504 135.309 135.2859 135.285 135.2951
134.4459 134.4799 134.5443 134.6243 134.7154 134.8036 134.8741 134.9191 134.9417 134.9498 134.9515 134.9525 134.9546 134.9579 134.9625 134.9676 134.9734 134.9862 135.0225 135.0948 135.1906 135.2707 135.3008 135.2721 135.2053 135.1409 135.1017 135.0867 135.0919 135.1162 135.1493 135.1758 135.1859 135.1786 135.1586 135.1356 135.1198 135.1158 135.1224 135.1388 135.163 135.1911 135.219 135.2441 135.2659 135.2871 135.312 135.3408 135.3693 135.394 135.4136 135.4283 135.4393 135.448 135.4549 135.4566 135.4447 135.4156 135.3737 135.3301 135.2988 135.2892 135.2962
134.4396 134.4744 134.5437 134.6343 134.74 134.8453 134.9292 134.9825 135.0099 135.0219 135.0249 135.0246 135.024 135.0228 135.0198 135.0131 135.0034 135.001 135.0245 135.0845 135.1662 135.2338 135.256 135.2272 135.1707 135.1194 135.0879 135.0777 135.0872 135.1149 135.1503 135.1778 135.1875 135.1779 135.154 135.1249 135.1004 135.0886 135.0917 135.1085 135.1357 135.1682 135.2009 135.2315 135.2594 135.2851 135.3106 135.3363 135.3601 135.3798 135.3952 135.4073 135.4176 135.4278 135.4398 135.4505 135.4504 135.4315 135.3953 135.352 135.3151 135.2965 135.2979
134.4334 134.4702 134.546 134.6492 134.7732 134.8967 134.9925 135.0506 135.0802 135.0945 135.1 135.1001 135.0978 135.0926 135.0822 135.0652 135.0442 135.0302 135.0413 135.0847 135.1473 135.1994 135.2139 135.1871 135.1413 135.1016 135.0779 135.0732 135.0873 135.1172 135.1532 135.1816 135.1913 135.1805 135.1538 135.1197 135.0876 135.0674 135.0647 135.079 135.1061 135.1406 135.1773 135.2127 135.2461 135.276 135.3023 135.3253 135.345 135.3613 135.3749 135.3869 135.3989 135.4128 135.4292 135.4455 135.4531 135.4432 135.414 135.3732 135.3334 135.3074 135.3014
134.425 134.4636 134.547 134.6667 134.8126 134.9564 135.0642 135.1251 135.154 135.1678 135.1739 135.1736 135.1678 135.1565 135.1388 135.1144 135.0853 135.061 135.0586 135.0854 135.1306 135.1689 135.1777 135.1544 135.1186 135.0883 135.0715 135.073 135.0921 135.1243 135.1607 135.1885 135.1985 135.1874 135.1591 135.1215 135.0838 135.0565 135.047 135.0567 135.0813 135.1155 135.1532 135.1911 135.2278 135.2609 135.2878 135.3093 135.327 135.3422 135.3561 135.3699 135.3852 135.4026 135.4217 135.4401 135.4525 135.4505 135.4292 135.3928 135.3525 135.3211 135.3074
134.4135 134.455 134.5512 134.6928 134.8615 135.0216 135.1378 135.2012 135.2287 135.2404 135.245 135.2427 135.233 135.2164 135.194 135.1644 135.1266 135.0902 135.0736 135.0859 135.1172 135.1448 135.1488 135.1289 135.1007 135.0778 135.0676 135.0749 135.0993 135.1341 135.1704 135.1969 135.2065 135.1968 135.1696 135.1309 135.0902 135.0582 135.0432 135.0478 135.0688 135.0993 135.1342 135.1712 135.2087 135.2431 135.2704 135.2913 135.3091 135.3252 135.341 135.3576 135.3757 135.3951 135.415 135.4342 135.4495 135.4539 135.4406 135.41 135.3712 135.3366 135.3163
134.4027 134.4528 134.5711 134.7379 134.9227 135.0876 135.2047 135.2679 135.2942 135.3041 135.307 135.3036 135.2924 135.2744 135.2503 135.2163 135.1698 135.1216 135.0915 135.0892 135.1067 135.1246 135.1249 135.107 135.0848 135.0679 135.0641 135.0777 135.1066 135.1439 135.1797 135.2045 135.2141 135.2068 135.1836 135.1481 135.1084 135.0746 135.0554 135.0558 135.0724 135.0977 135.1271 135.1604 135.1954 135.2279 135.254 135.2745 135.293 135.3113 135.3298 135.3488 135.3685 135.3884 135.4084 135.4279 135.445 135.4541 135.4481 135.4243 135.3886 135.3527 135.3274
134.3992 134.4662 134.6125 134.8007 134.9919 135.1515 135.2596 135.316 135.3385 135.3471 135.3503 135.3479 135.3383 135.3224 135.2999 135.2649 135.2135 135.1558 135.1106 135.09 135.0937 135.1036 135.1016 135.0862 135.0687 135.0578 135.0609 135.0806 135.1139 135.153 135.1882 135.2119 135.2214 135.2168 135.199 135.1706 135.1359 135.1034 135.082 135.0791 135.0923 135.1131 135.1368 135.1642 135.1936 135.2209 135.2434 135.2613 135.2789 135.2986 135.3197 135.3408 135.3615 135.3817 135.4017 135.4215 135.4396 135.452 135.4521 135.4353 135.404 135.3684 135.3399
134.404 134.4931 134.6687 134.8733 135.0638 135.2084 135.2967 135.3382 135.3549 135.363 135.3675 135.3669 135.3602 135.3489 135.3312 135.2986 135.2457 135.1801 135.119 135.082 135.0745 135.0792 135.0767 135.0643 135.0513 135.0465 135.0569 135.083 135.1196 135.1598 135.1943 135.2173 135.2275 135.2254 135.2126 135.191 135.1636 135.1362 135.1172 135.1135 135.1249 135.1432 135.1626 135.1824 135.204 135.2246 135.2407 135.2531 135.2669 135.2853 135.3075 135.3305 135.3528 135.3742 135.3948 135.4149 135.4338 135.4484 135.4533 135.443 135.4171 135.3832 135.3527
134.414 134.5248 134.7295 134.9463 135.1298 135.2487 135.3075 135.3313 135.3424 135.3507 135.3565 135.3578 135.3545 135.3484 135.3355 135.3047 135.2503 135.179 135.1094 135.0646 135.0516 135.0533 135.0507 135.0413 135.0323 135.0335 135.0515 135.0834 135.1224 135.1621 135.1951 135.2171 135.2278 135.2282 135.2195 135.2035 135.1844 135.1666 135.155 135.1532 135.1635 135.1814 135.1985 135.211 135.223 135.2358 135.2447 135.2497 135.257 135.2714 135.2919 135.3159 135.3403 135.3638 135.3862 135.4075 135.4274 135.4439 135.4524 135.4478 135.4275 135.3964 135.3652
134.4262 134.5558 134.7834 135.0046 135.1731 135.2621 135.293 135.3024 135.3095 135.3171 135.3228 135.3253 135.3251 135.3223 135.3114 135.2809 135.2251 135.1529 135.0844 135.0408 135.0268 135.0271 135.0254 135.0186 135.0138 135.0207 135.0448 135.0812 135.1215 135.1591 135.1888 135.2086 135.2193 135.2218 135.2177 135.2102 135.2017 135.1939 135.189 135.1903 135.2005 135.2187 135.2355 135.243 135.2454 135.2495 135.2514 135.25 135.2506 135.2585 135.2748 135.2972 135.3227 135.3484 135.3733 135.3971 135.4192 135.438 135.4498 135.45 135.4351 135.4077 135.3766
134.4424 134.5833 134.8219 135.0366 135.1842 135.2489 135.2628 135.2654 135.2699 135.2754 135.2797 135.2819 135.2824 135.2797 135.2684 135.2384 135.183 135.113 135.0505 135.0125 135.0005 135.0017 135.0014 134.9976 134.998 135.0111 135.0396 135.0777 135.1166 135.1497 135.1749 135.1922 135.2027 135.2073 135.2102 135.2144 135.2172 135.2145 135.2125 135.2175 135.2297 135.2475 135.2639 135.2705 135.2676 135.2627 135.2578 135.2524 135.2485 135.2498 135.2593 135.2772 135.3012 135.3279 135.3546 135.381 135.4063 135.4286 135.4446 135.4497 135.4403 135.4169 135.3862
134.4688 134.6149 134.8523 135.0498 135.1736 135.2206 135.2272 135.228 135.2314 135.2356 135.2383 135.2395 135.2391 135.2359 135.2248 135.1952 135.1394 135.0706 135.0132 134.9822 134.974 134.9772 134.9787 134.978 134.9846 135.0043 135.0365 135.074 135.1082 135.1349 135.1555 135.1713 135.1824 135.1901 135.1996 135.2128 135.2226 135.2231 135.2218 135.228 135.2417 135.2599 135.2776 135.2873 135.2856 135.2767 135.2661 135.2569 135.2502 135.247 135.2494 135.2597 135.2787 135.3037 135.3312 135.359 135.3867 135.413 135.4342 135.4453 135.4418 135.422 135.3911
134.5106 134.6585 134.8866 135.0602 135.1583 135.1899 135.1927 135.1949 135.1989 135.2016 135.2025 135.202 135.2017 135.2014 135.1925 135.1622 135.1042 135.0339 134.979 134.9528 134.9483 134.9521 134.9552 134.959 134.9718 134.998 135.0329 135.0677 135.0962 135.117 135.134 135.1491 135.1617 135.1731 135.1868 135.2027 135.2149 135.2183 135.2156 135.2164 135.229 135.2513 135.2743 135.2892 135.2931 135.2877 135.2772 135.2655 135.2555 135.249 135.2464 135.2492 135.26 135.2794 135.3049 135.3329 135.3615 135.3902 135.4164 135.4341 135.4363 135.4193 135.3877
134.5618 134.7094 134.9245 135.0722 135.1432 135.1608 135.1636 135.1694 135.1739 135.1743 135.1718 135.1694 135.1714 135.176 135.1698 135.1363 135.0759 135.0055 134.9514 134.9267 134.9227 134.9256 134.9298 134.9386 134.9581 134.9895 135.0256 135.0576 135.0813 135.0985 135.1133 135.1279 135.1426 135.1577 135.1733 135.1883 135.1996 135.2026 135.1957 135.1889 135.198 135.2245 135.2557 135.2783 135.2889 135.2905 135.286 135.2766 135.2653 135.2552 135.2488 135.2466 135.2497 135.2605 135.2797 135.3052 135.3337 135.3635 135.3931 135.4158 135.4222 135.4074 135.3763
134.6129 134.757 134.9576 135.0795 135.1259 135.1334 135.1383 135.1484 135.1529 135.1504 135.1438 135.1396 135.144 135.1533 135.1476 135.1115 135.0495 134.9809 134.9277 134.903 134.8982 134.8997 134.9046 134.9179 134.9433 134.9785 135.0147 135.0439 135.0646 135.0806 135.0956 135.1119 135.1296 135.1462 135.16 135.1728 135.1821 135.1817 135.1717 135.1615 135.1665 135.191 135.2255 135.2563 135.276 135.285 135.2873 135.2843 135.2762 135.2655 135.2555 135.2493 135.2476 135.2509 135.2613 135.2803 135.3064 135.3371 135.3687 135.3933 135.4012 135.3885 135.3596
134.6544 134.7911 134.9724 135.0715 135.1004 135.1033 135.1122 135.1255 135.1295 135.1237 135.1135 135.108 135.1143 135.1254 135.1194 135.0822 135.0202 134.9537 134.9042 134.881 134.8762 134.8775 134.8836 134.9007 134.9303 134.9673 135.0026 135.0296 135.0488 135.0657 135.0844 135.1063 135.1285 135.145 135.154 135.1626 135.1706 135.1697 135.1603 135.1515 135.1524 135.1672 135.1948 135.2273 135.2553 135.2732 135.2818 135.2847 135.2828 135.2759 135.2659 135.2564 135.2506 135.2495 135.2529 135.2635 135.2836 135.3128 135.3449 135.3691 135.3764 135.3657 135.3419
134.6809 134.8047 134.9631 135.0426 135.0634 135.0683 135.0819 135.0967 135.0986 135.0891 135.0768 135.0732 135.0829 135.0938 135.0837 135.0432 134.9818 134.9207 134.8793 134.862 134.8584 134.8603 134.8691 134.8895 134.9217 134.9589 134.9925 135.018 135.037 135.0562 135.0816 135.1119 135.1395 135.1554 135.1606 135.165 135.1727 135.1754 135.1702 135.1625 135.1583 135.1624 135.1773 135.2018 135.2304 135.2552 135.2714 135.2797 135.2828 135.2818 135.2759 135.2667 135.258 135.2523 135.2508 135.2545 135.2674 135.2916 135.3208 135.343 135.3502 135.3431 135.3266
134.6907 134.7996 134.9366 135.0027 135.021 135.0308 135.0477 135.061 135.0593 135.0457 135.0329 135.0352 135.0525 135.0627 135.0437 134.9944 134.9341 134.8826 134.8541 134.8442 134.8431 134.847 134.8596 134.8835 134.917 134.9532 134.9844 135.0085 135.0277 135.0501 135.0838 135.1235 135.1553 135.1709 135.175 135.1783 135.1858 135.1928 135.192 135.1842 135.1755 135.1716 135.1759 135.1888 135.2097 135.2344 135.2563 135.271 135.2789 135.2821 135.2816 135.2765 135.2677 135.2577 135.2495 135.2475 135.2556 135.274 135.2971 135.3154 135.3241 135.3234 135.3155
134.6876 134.7827 134.9031 134.9603 134.9785 134.9939 135.013 135.0223 135.0152 134.9971 134.9859 134.9973 135.0232 135.0324 135.0036 134.9456 134.8863 134.8463 134.8293 134.8262 134.8278 134.8352 134.852 134.8787 134.9119 134.9449 134.9723 134.9939 135.0132 135.0397 135.0809 135.1287 135.1644 135.1826 135.1883 135.1913 135.1983 135.2079 135.2111 135.2052 135.1949 135.1867 135.1843 135.1887 135.2001 135.2182 135.2395 135.2587 135.2718 135.2794 135.2827 135.2822 135.276 135.2635 135.2493 135.2412 135.245 135.2584 135.2745 135.2885 135.2993 135.3055 135.3058
134.6765 134.7581 134.8625 134.9142 134.9349 134.9565 134.9777 134.9812 134.9664 134.9451 134.9384 134.9595 134.9907 134.9978 134.9641 134.9034 134.8461 134.8138 134.8057 134.8077 134.8125 134.8229 134.8428 134.8707 134.9012 134.929 134.9509 134.9687 134.9874 135.0166 135.0624 135.1154 135.1581 135.1837 135.1935 135.1975 135.2058 135.2169 135.2226 135.2199 135.2122 135.2033 135.1971 135.196 135.2007 135.2111 135.2269 135.2453 135.2621 135.274 135.2811 135.2836 135.28 135.2684 135.252 135.2385 135.2352 135.2422 135.2534 135.2655 135.2778 135.289 135.2959
134.6607 134.7256 134.8124 134.8616 134.8882 134.9164 134.9372 134.9345 134.9125 134.8898 134.8885 134.9155 134.9476 134.9536 134.9214 134.8648 134.8126 134.7869 134.7845 134.79 134.7972 134.8095 134.8307 134.8577 134.8842 134.9059 134.9223 134.9359 134.9527 134.9824 135.0299 135.0857 135.1351 135.1699 135.1884 135.1985 135.2111 135.2238 135.2296 135.229 135.2249 135.2184 135.2113 135.2067 135.2067 135.2117 135.2214 135.2354 135.2515 135.2663 135.277 135.2822 135.2805 135.2709 135.2556 135.2383 135.2263 135.2253 135.2338 135.2467 135.2612 135.2747 135.2856
134.6435 134.6904 134.7569 134.8029 134.8364 134.869 134.8879 134.8811 134.855 134.8309 134.8312 134.8586 134.8895 134.8969 134.8702 134.8223 134.7812 134.7642 134.7656 134.7722 134.781 134.795 134.8168 134.8418 134.8638 134.8803 134.8924 134.9028 134.9178 134.9469 134.9946 135.0522 135.1061 135.1486 135.1773 135.1981 135.2175 135.2314 135.2362 135.2355 135.2333 135.2296 135.2243 135.2188 135.2156 135.2165 135.2216 135.2307 135.2434 135.2576 135.2701 135.2776 135.2776 135.27 135.2563 135.2378 135.2189 135.2087 135.2122 135.2257 135.2432 135.2607 135.2753
134.6273 134.6586 134.7039 134.7434 134.78 134.8141 134.8307 134.8227 134.7968 134.7715 134.7695 134.7925 134.8209 134.8305 134.8119 134.7772 134.7512 134.7442 134.7478 134.7542 134.7644 134.7811 134.8034 134.8264 134.8451 134.8581 134.8675 134.8767 134.8913 134.9196 134.9667 135.0253 135.0833 135.1329 135.1712 135.202 135.226 135.2398 135.2431 135.2418 135.2398 135.2375 135.2344 135.23 135.2258 135.2237 135.2253 135.2305 135.2391 135.2503 135.2612 135.2686 135.2708 135.2659 135.2539 135.2351 135.2116 135.1918 135.186 135.1962 135.2175 135.2425 135.2641
134.6105 134.6306 134.6595 134.6905 134.7255 134.7579 134.7717 134.7632 134.7396 134.716 134.7112 134.7282 134.7512 134.7615 134.7526 134.735 134.7253 134.7261 134.7305 134.7371 134.749 134.7679 134.791 134.8132 134.8308 134.8431 134.8522 134.862 134.8772 134.9046 134.9496 135.0079 135.0702 135.1275 135.1743 135.2109 135.2361 135.2482 135.2502 135.2485 135.2463 135.2441 135.2419 135.239 135.2354 135.2322 135.2312 135.2335 135.2393 135.2469 135.2538 135.2585 135.2608 135.2581 135.2474 135.2274 135.2001 135.1723 135.1573 135.1626 135.1873 135.2207 135.2509
134.5883 134.6018 134.621 134.6465 134.6788 134.7078 134.7191 134.7092 134.6866 134.6666 134.6628 134.6748 134.6923 134.7032 134.7047 134.7033 134.7052 134.7098 134.7146 134.722 134.7359 134.7566 134.7807 134.8033 134.8222 134.8363 134.8467 134.8575 134.8732 134.8997 134.9421 134.9991 135.0644 135.1291 135.1834 135.2231 135.2467 135.2562 135.257 135.2549 135.2526 135.2502 135.2478 135.2456 135.2433 135.2409 135.2398 135.2415 135.2463 135.252 135.2553 135.2553 135.2531 135.2472 135.2356 135.2151 135.1857 135.1534 135.1326 135.1342 135.1592 135.1969 135.233
134.5554 134.5666 134.5819 134.6066 134.6376 134.663 134.6715 134.6612 134.6402 134.6251 134.6237 134.6344 134.6503 134.6642 134.6745 134.6834 134.6907 134.6958 134.7008 134.7102 134.7266 134.7494 134.7746 134.7983 134.8194 134.8362 134.8487 134.8601 134.8754 134.9002 134.9402 134.9957 135.0617 135.1303 135.1902 135.2332 135.2557 135.2626 135.262 135.2595 135.2569 135.2546 135.2526 135.2513 135.2509 135.2514 135.2531 135.257 135.263 135.2684 135.2696 135.265 135.2553 135.2414 135.2251 135.2046 135.1758 135.1436 135.1205 135.1184 135.1395 135.174 135.2097
134.5104 134.5224 134.5397 134.5654 134.594 134.6143 134.6198 134.6121 134.5978 134.5892 134.5926 134.606 134.6236 134.6413 134.6574 134.671 134.6797 134.6846 134.691 134.7029 134.7221 134.7468 134.7737 134.7992 134.8222 134.8416 134.8564 134.8688 134.8831 134.9055 134.9422 134.9944 135.0584 135.126 135.1879 135.2337 135.258 135.2641 135.2626 135.26 135.2581 135.257 135.257 135.2582 135.2608 135.2651 135.2709 135.2785 135.2872 135.2939 135.2946 135.2873 135.2711 135.2484 135.2243 135.201 135.1743 135.1455 135.1234 135.118 135.1331 135.1602 135.1877
