data/raw_data/rasters/lyr1_top_new_new_new.txt
ncols         372
nrows         289
xllcorner     426897.599538
yllcorner     6654704.081442
cellsize      2
NODATA_value  -9999
[rows 112 to 139 of 289, columns 189 to 251 of 372]
146.0505 146.0772 146.1199 146.1729 146.2273 146.2773 146.3213 146.3615 146.4006 146.44 146.4786 146.5128 146.5391 146.558 146.5747 146.596 146.6252 146.6595 146.6924 146.7178 146.7336 146.7424 146.7486 146.7551 146.7622 146.7687 146.7738 146.7785 146.7857 146.798 146.8162 146.84 146.8683 146.9003 146.9358 146.9747 147.0166 147.0611 147.1085 147.1591 147.2138 147.2729 147.3361 147.4019 147.4686 147.5358 147.6058 147.6846 147.7782 147.8856 147.9988 148.1043 148.187 148.2373 148.2575 148.2592 148.2546 148.2529 148.2576 148.2676 148.2809 148.2966 148.315
145.97 146.0126 146.0685 146.1301 146.1894 146.2419 146.2876 146.3291 146.3694 146.4088 146.4454 146.4766 146.5008 146.5193 146.537 146.5601 146.5911 146.6263 146.659 146.6839 146.6992 146.7069 146.7107 146.7136 146.7165 146.7189 146.7207 146.7234 146.7293 146.7404 146.7574 146.7799 146.807 146.8381 146.8727 146.9104 146.9503 146.9917 147.0344 147.0787 147.1259 147.1779 147.2362 147.3001 147.3672 147.4357 147.5068 147.5861 147.6811 147.7942 147.9185 148.0395 148.1389 148.2031 148.2312 148.2347 148.2282 148.224 148.2284 148.2413 148.2595 148.2804 148.3028
145.8917 145.9509 146.0186 146.0863 146.1484 146.203 146.2515 146.2967 146.3407 146.3828 146.4203 146.4508 146.4739 146.4916 146.5083 146.5292 146.5565 146.5872 146.6155 146.6369 146.6499 146.6559 146.6576 146.6578 146.6573 146.6563 146.6559 146.6579 146.6642 146.6758 146.6932 146.716 146.7432 146.7743 146.8089 146.8463 146.8855 146.926 146.9669 147.0085 147.0526 147.102 147.1587 147.2219 147.2886 147.356 147.4243 147.499 147.5896 147.7023 147.8327 147.9654 148.0797 148.1585 148.1962 148.2018 148.1929 148.1857 148.1893 148.2053 148.2301 148.2591 148.2884
145.8291 145.9008 145.9748 146.0435 146.104 146.1578 146.2081 146.2574 146.3064 146.3527 146.3931 146.4248 146.4482 146.4653 146.48 146.4961 146.516 146.5386 146.5597 146.5754 146.5842 146.5876 146.5878 146.5864 146.5844 146.5822 146.5816 146.5846 146.5927 146.6063 146.6256 146.6499 146.6782 146.7098 146.7447 146.7824 146.8223 146.8635 146.9053 146.948 146.9933 147.0442 147.1023 147.1665 147.2325 147.2962 147.357 147.421 147.4998 147.6041 147.7335 147.8729 147.9995 148.0933 148.1438 148.1559 148.1476 148.139 148.1425 148.1622 148.1949 148.234 148.2728
145.7909 145.8684 145.9413 146.0041 146.0571 146.1051 146.1538 146.2051 146.2575 146.3074 146.3509 146.3852 146.4103 146.428 146.4412 146.4529 146.4658 146.4802 146.4935 146.502 146.5046 146.5037 146.5019 146.5004 146.4997 146.4998 146.5015 146.5071 146.5181 146.5349 146.5569 146.5833 146.613 146.6455 146.6808 146.7192 146.7603 146.8034 146.8479 146.8941 146.9438 146.999 147.061 147.1275 147.1931 147.2517 147.3018 147.3501 147.4103 147.497 147.6152 147.7535 147.8879 147.9955 148.0626 148.0886 148.0883 148.0831 148.0898 148.1153 148.1573 148.2077 148.2572
145.775 145.8517 145.9167 145.9672 146.0074 146.0451 146.0873 146.136 146.1883 146.2396 146.2857 146.3234 146.3517 146.3714 146.3849 146.3953 146.405 146.4143 146.4212 146.422 146.4161 146.4079 146.4023 146.4015 146.4051 146.4109 146.4181 146.4284 146.4436 146.464 146.4887 146.5169 146.5479 146.5814 146.6175 146.6566 146.699 146.7444 146.7924 146.8433 146.8983 146.9592 147.026 147.0958 147.1614 147.2151 147.2541 147.2846 147.3215 147.3826 147.4787 147.6048 147.7399 147.8588 147.9442 147.9912 148.0085 148.0151 148.0305 148.0655 148.1192 148.1823 148.243
145.7678 145.8385 145.8916 145.927 145.9519 145.9762 146.0077 146.0487 146.0969 146.1474 146.1954 146.2368 146.269 146.2918 146.3076 146.3197 146.3301 146.3383 146.3414 146.3349 146.3189 146.3005 146.2891 146.2892 146.2991 146.3139 146.3302 146.3482 146.3692 146.3937 146.421 146.4507 146.4827 146.517 146.554 146.594 146.6379 146.6856 146.7369 146.792 146.852 146.9179 146.9892 147.062 147.1283 147.1788 147.2089 147.223 147.2356 147.2666 147.3317 147.4341 147.5601 147.6849 147.7876 147.8592 147.9026 147.9308 147.9623 148.0114 148.0797 148.1571 148.2299
145.7494 145.8109 145.8516 145.8732 145.8839 145.8939 145.9117 145.9415 145.9824 146.03 146.0788 146.123 146.1584 146.1834 146.2002 146.2134 146.2253 146.2345 146.2359 146.224 146.1992 146.1713 146.1546 146.1567 146.1748 146.2016 146.2309 146.2604 146.2902 146.3204 146.3513 146.3829 146.416 146.4512 146.4892 146.5305 146.576 146.6257 146.6797 146.7379 146.8013 146.8705 146.9447 147.0195 147.0869 147.1368 147.162 147.1638 147.1552 147.1564 147.1868 147.2567 147.362 147.4835 147.5985 147.6939 147.7678 147.8256 147.8813 147.95 148.0361 148.13 148.2166
145.7033 145.7539 145.7838 145.7946 145.7934 145.7896 145.7925 145.8088 145.8401 145.8824 145.9292 145.973 146.0076 146.0294 146.0405 146.0477 146.0564 146.0649 146.0656 146.0519 146.0246 145.9951 145.9799 145.9886 146.0186 146.0608 146.1071 146.153 146.1961 146.2361 146.2734 146.3093 146.3451 146.3821 146.4216 146.4646 146.5118 146.5632 146.6189 146.6789 146.744 146.8148 146.89 146.9658 147.0346 147.086 147.1106 147.1065 147.0829 147.0588 147.0557 147.089 147.1634 147.2693 147.3875 147.5015 147.6036 147.6939 147.7808 147.876 147.9838 148.0967 148.1992
145.6224 145.6614 145.6811 145.6823 145.6703 145.6532 145.6407 145.6414 145.6595 145.6924 145.7321 145.7688 145.7935 145.8015 145.7952 145.7845 145.7792 145.7803 145.7796 145.7696 145.752 145.7365 145.7371 145.7622 145.8099 145.8719 145.9399 146.0074 146.0706 146.1269 146.1763 146.2211 146.2636 146.3055 146.3484 146.3938 146.4429 146.4957 146.5525 146.6136 146.6795 146.7507 146.826 146.9021 146.9724 147.0266 147.0545 147.0509 147.0205 146.9788 146.9471 146.9444 146.9813 147.0587 147.1663 147.2874 147.4092 147.5284 147.6494 147.7773 147.913 148.0496 148.172
145.5086 145.5349 145.5433 145.5333 145.5088 145.4774 145.4481 145.4301 145.4297 145.446 145.4702 145.4894 145.4917 145.4725 145.4362 145.3942 145.3613 145.3445 145.3398 145.3407 145.3472 145.3646 145.3988 145.453 145.5255 145.6115 145.7051 145.7999 145.8907 145.973 146.0439 146.1057 146.1622 146.215 146.2654 146.3152 146.3666 146.4209 146.4788 146.541 146.6079 146.6797 146.7555 146.8323 146.904 146.9614 146.9948 146.9969 146.9677 146.9175 146.8649 146.8297 146.8269 146.8654 146.9452 147.0559 147.184 147.3236 147.4752 147.6382 147.8084 147.9762 148.1248
145.3681 145.3806 145.375 145.3506 145.3106 145.2617 145.2126 145.1723 145.1472 145.1376 145.1353 145.1254 145.0938 145.0364 144.9593 144.8758 144.8044 144.7604 144.7478 144.7634 144.8039 144.8662 144.9465 145.04 145.1433 145.2562 145.3783 145.5059 145.6329 145.7516 145.8564 145.9476 146.0291 146.1024 146.1671 146.2253 146.2811 146.3378 146.3976 146.4618 146.5309 146.6046 146.682 146.7599 146.8328 146.893 146.9319 146.9418 146.9197 146.8698 146.8052 146.7439 146.7034 146.6976 146.7351 146.8156 146.9323 147.0785 147.2509 147.4453 147.6533 147.8595 148.0434
145.2074 145.2056 145.1839 145.1422 145.0835 145.0141 144.942 144.876 144.8213 144.7785 144.7401 144.6919 144.6194 144.5178 144.3939 144.2639 144.15 144.0736 144.0477 144.0741 144.1467 144.253 144.3794 144.5134 144.6491 144.7897 144.9426 145.1088 145.2803 145.4458 145.5975 145.7328 145.8532 145.9587 146.0473 146.1208 146.1853 146.2472 146.3107 146.3785 146.4514 146.5287 146.6085 146.6876 146.7607 146.8216 146.8637 146.8802 146.8668 146.8234 146.7558 146.6776 146.606 146.5575 146.5461 146.5814 146.6673 146.8012 146.9786 147.1939 147.4358 147.6833 147.9107
145.0309 145.0161 144.9778 144.9172 144.8379 144.7462 144.6502 144.5575 144.4727 144.3951 144.3174 144.227 144.1111 143.9645 143.7935 143.617 143.4609 143.3502 143.3038 143.3297 143.4212 143.5586 143.7185 143.8833 144.0464 144.2137 144.399 144.6077 144.8305 145.0524 145.2632 145.4562 145.6282 145.777 145.9003 145.9984 146.0785 146.1504 146.221 146.2943 146.3721 146.4537 146.5361 146.6153 146.6862 146.7443 146.7852 146.8043 146.7976 146.7624 146.6992 146.6149 146.5232 146.4406 146.3839 146.3692 146.4095 146.511 146.6735 146.8923 147.155 147.4381 147.7125
144.8398 144.8148 144.7612 144.6814 144.5813 144.4683 144.3506 144.2349 144.1247 144.0175 143.9044 143.7735 143.6148 143.4245 143.209 142.988 142.7903 142.6436 142.5708 142.5831 142.6747 142.8231 142.9992 143.1809 143.3627 143.5542 143.7718 144.0235 144.3005 144.5852 144.8631 145.1225 145.3545 145.5547 145.7208 145.8525 145.9569 146.0453 146.1273 146.2085 146.2919 146.3773 146.461 146.5381 146.604 146.6554 146.6903 146.7069 146.7025 146.6741 146.6193 146.5391 146.4408 146.3381 146.2478 146.1885 146.1788 146.2338 146.3614 146.5612 146.8234 147.1275 147.444
144.6317 144.5988 144.5322 144.4351 144.3164 144.1859 144.052 143.9205 143.7931 143.6649 143.524 143.3579 143.1582 142.9241 142.6642 142.3996 142.1602 141.9766 141.8738 141.863 141.9388 142.0802 142.2577 142.4464 142.6403 142.8524 143.1006 143.3934 143.7231 144.0708 144.4164 144.7424 145.0359 145.2897 145.5018 145.6727 145.8087 145.9203 146.0183 146.1102 146.1998 146.2878 146.3711 146.4447 146.5042 146.5469 146.5727 146.5826 146.5763 146.5521 146.5068 146.4375 146.3454 146.2382 146.1296 146.0378 145.9841 145.9893 146.0684 146.228 146.4658 146.7694 147.113
144.4003 144.3605 144.2835 144.1737 144.042 143.9002 143.7576 143.6186 143.482 143.3395 143.1771 142.9802 142.7403 142.4597 142.1525 141.8429 141.5622 141.3423 141.2084 141.1711 141.2248 141.3506 141.5218 141.713 141.9165 142.1458 142.4208 142.7509 143.1294 143.5351 143.9417 144.3268 144.6748 144.9767 145.2309 145.4403 145.6109 145.7507 145.869 145.9743 146.0714 146.1619 146.2447 146.3156 146.3699 146.4054 146.4226 146.4247 146.4147 146.3929 146.3566 146.3011 146.223 146.1236 146.0105 145.9004 145.8159 145.7793 145.8091 145.9178 146.1126 146.3922 146.7403
144.1398 144.0929 144.0096 143.8938 143.7573 143.6127 143.4691 143.3293 143.1888 143.0352 142.8521 142.6236 142.3411 142.0106 141.6528 141.2974 140.9772 140.7234 140.5598 140.4972 140.5304 140.6409 140.8036 140.9962 141.2098 141.455 141.7521 142.1135 142.5343 142.9899 143.4477 143.8797 144.2687 144.6058 144.8913 145.1316 145.3333 145.5018 145.6434 145.7649 145.8718 145.9673 146.052 146.1228 146.1755 146.2076 146.2205 146.2186 146.2073 146.1888 146.1614 146.1201 146.058 145.9708 145.862 145.7471 145.6483 145.5873 145.5811 145.6445 145.7905 146.0291 146.3575
143.8513 143.7982 143.7139 143.6009 143.4692 143.3306 143.1927 143.0561 142.9131 142.7476 142.54 142.2742 141.944 141.5606 141.1517 140.7524 140.3965 140.1136 139.9244 139.8387 139.8532 139.9497 140.1039 140.297 140.5206 140.7809 141.0965 141.4829 141.9378 142.4336 142.9313 143.3966 143.8104 144.1663 144.4689 144.7278 144.9511 145.1434 145.3074 145.4466 145.5661 145.6701 145.7597 145.8335 145.8885 145.9227 145.9376 145.9386 145.9317 145.9207 145.9047 145.8776 145.8293 145.7526 145.6511 145.5408 145.4444 145.3812 145.3643 145.4033 145.5112 145.7049 145.9962
143.548 143.4924 143.4138 143.312 143.1938 143.068 142.9402 142.8083 142.6615 142.4806 142.2431 141.9335 141.5507 141.1135 140.6559 140.2169 139.8311 139.5255 139.3161 139.2094 139.2033 139.2836 139.4283 139.6191 139.8481 140.1196 140.4505 140.8572 141.3374 141.8629 142.3895 142.8765 143.3011 143.6607 143.9655 144.2287 144.4608 144.6665 144.8465 145.0014 145.1342 145.2477 145.3431 145.4209 145.4806 145.5212 145.5443 145.555 145.5595 145.5621 145.5614 145.5487 145.5112 145.4416 145.3464 145.2458 145.1651 145.1229 145.1253 145.1712 145.2659 145.4265 145.676
143.2536 143.2024 143.1364 143.0519 142.9516 142.8411 142.7239 142.5957 142.4425 142.2423 141.9709 141.6143 141.1778 140.6882 140.1861 139.7137 139.3053 138.9834 138.758 138.6316 138.6026 138.6626 138.7939 138.9778 139.205 139.4807 139.8215 140.2418 140.7384 141.2832 141.8297 142.3312 142.7596 143.1131 143.4077 143.6617 143.8884 144.094 144.2789 144.442 144.5829 144.7019 144.7997 144.8792 144.9426 144.9909 145.0256 145.0506 145.0719 145.0933 145.1112 145.1131 145.0844 145.0193 144.9288 144.8401 144.7847 144.7824 144.8315 144.9174 145.0312 145.1831 145.4003
142.9921 142.9533 142.9053 142.8405 142.7575 142.6595 142.5492 142.4212 142.259 142.0372 141.7308 141.3279 140.8398 140.3015 139.7603 139.262 138.8385 138.5061 138.2686 138.125 138.074 138.1112 138.2241 138.3954 138.6149 138.8876 139.2291 139.6525 140.1551 140.7103 141.2705 141.784 142.2164 142.5626 142.8411 143.0757 143.2838 143.4745 143.6504 143.8091 143.947 144.062 144.1556 144.2318 144.2956 144.3499 144.3961 144.4369 144.4767 144.5178 144.5539 144.5694 144.5488 144.488 144.4027 144.3278 144.3028 144.3506 144.4644 144.6164 144.7804 144.953 145.1589
142.7758 142.7537 142.7242 142.677 142.6075 142.5167 142.407 142.2738 142.099 141.8545 141.5144 141.0687 140.5336 139.9516 139.3782 138.8615 138.4306 138.0943 137.8504 137.6952 137.6268 137.6425 137.7342 137.8888 138.0966 138.3595 138.6906 139.1048 139.6036 140.1623 140.7327 141.2591 141.7012 142.0464 142.3104 142.5202 142.6989 142.861 143.0129 143.1524 143.2742 143.3756 143.4578 143.5258 143.5863 143.6443 143.7008 143.756 143.8116 143.8675 143.9162 143.9421 143.9295 143.875 143.7979 143.7391 143.7448 143.8427 144.0261 144.2573 144.4933 144.7134 144.9335
142.5972 142.5873 142.5696 142.5329 142.4706 142.3817 142.2674 142.1234 141.9321 141.6642 141.2924 140.8085 140.2329 139.6152 139.0173 138.4903 138.0593 137.727 137.4851 137.326 137.2469 137.2466 137.3201 137.4584 137.6518 137.8991 138.2118 138.6074 139.0929 139.6484 140.2264 140.7688 141.228 141.5814 141.8362 142.0196 142.1613 142.2836 142.3991 142.5085 142.6066 142.6891 142.7566 142.8144 142.8704 142.9305 142.9953 143.0621 143.1285 143.1917 143.2447 143.2753 143.269 143.2231 143.1587 143.1185 143.1519 143.2925 143.5374 143.8466 144.1641 144.4507 144.708
142.426 142.4124 142.3915 142.3528 142.2894 142.198 142.0767 141.9197 141.7102 141.4192 141.0187 140.5024 139.896 139.2542 138.6429 138.1145 137.692 137.3725 137.1416 136.9873 136.9055 136.8975 136.9609 137.0877 137.2679 137.4978 137.7884 138.1592 138.6224 139.1654 139.7461 140.3051 140.7859 141.1533 141.4032 141.5604 141.6613 141.7382 141.8121 141.8896 141.9654 142.0322 142.088 142.1378 142.1905 142.2523 142.3229 142.3975 142.4701 142.5353 142.5873 142.6169 142.6138 142.578 142.5304 142.5108 142.5679 142.7394 143.03 143.4046 143.8015 144.1639 144.4748
142.2133 142.1695 142.1236 142.0668 141.9922 141.8944 141.7666 141.5989 141.3737 141.0629 140.6403 140.1028 139.4809 138.8582 138.2723 137.6957 137.3024 137.0049 136.7936 136.6528 136.5777 136.5711 136.6331 136.756 136.9279 137.1434 137.4114 137.7525 138.1839 138.7027 139.2755 139.8434 140.3412 140.7215 140.9683 141.1011 141.1621 141.1955 141.2327 141.2863 141.3506 141.4129 141.466 141.5135 141.5653 141.6282 141.7023 141.7817 141.8583 141.9249 141.9748 142.0017 142.0009 141.9768 141.9486 141.9505 142.0272 142.2176 142.536 142.958 143.4232 143.8613 144.2347
141.9053 141.8008 141.7048 141.6123 141.5162 141.408 141.2754 141.1022 140.8678 140.5457 140.1144 139.5752 138.9774 138.2295 137.6276 137.1652 136.8508 136.618 136.4333 136.3135 136.2532 136.256 136.3235 136.4491 136.6194 136.8255 137.0721 137.3796 137.7704 138.2513 138.7984 139.3565 139.8564 140.2408 140.4828 140.5955 140.6246 140.6256 140.6404 140.6858 140.7546 140.8272 140.8894 140.9415 140.9939 141.0565 141.1319 141.2151 141.2966 141.367 141.4184 141.4461 141.4512 141.4418 141.4347 141.4579 141.5501 141.7504 142.0821 142.5341 143.0518 143.5575 143.9951
141.4575 141.2689 141.1024 140.9599 140.8338 140.7116 140.576 140.404 140.1707 139.8521 139.4332 138.9184 138.2803 137.5763 137.0258 136.8674 136.5964 136.195 136.0773 135.9824 135.9411 135.9573 136.0342 136.1654 136.3373 136.5373 136.7648 137.0371 137.3799 137.8077 138.3065 138.829 139.3082 139.6818 139.9151 140.0149 140.0279 140.0166 140.03 140.087 140.1767 140.2731 140.3548 140.4175 140.4718 140.5321 140.6064 140.6923 140.7801 140.858 140.9168 140.953 140.9707 140.9801 140.9958 141.0403 141.1457 141.3505 141.6865 142.1548 142.7095 143.2705 143.7669
