data/raw_data/rasters/lyr1_botm.txt
ncols         742
nrows         576
xllcorner     426899.09953807
yllcorner     6654705.5814418
cellsize      1
NODATA_value  -9999
[rows 308 to 335 of 576, columns 126 to 188 of 742]
127.7966 127.7831 127.7694 127.7557 127.742 127.7283 127.7145 127.7007 127.6869 127.6731 127.6592 127.6454 127.6316 127.6179 127.6041 127.5802 127.5662 127.5522 127.5381 127.5241 127.5128 127.4967 127.4807 127.3482 127.3362 127.3243 127.3127 127.1888 127.1784 127.1683 127.1585 127.1449 127.1335 127.1224 127.1117 127.1012 127.0911 127.1394 127.1326 127.1262 127.1201 127.1143 127.1088 127.1037 127.099 127.0946 127.0525 127.0464 127.0406 127.0352 127.011 127.0063 127.0019 126.998 126.9945 126.9914 126.9887 126.9864 126.9846 126.9832 126.9822 126.9817 126.9816
127.7882 127.7746 127.7609 127.7472 127.7334 127.7197 127.7058 127.692 127.6782 127.6643 127.6505 127.6367 127.6228 127.609 127.5866 127.5726 127.5586 127.5446 127.5306 127.5167 127.5027 127.4887 127.3496 127.3373 127.3252 127.3133 127.3016 127.2902 127.1654 127.1552 127.1454 127.1359 127.1226 127.1115 127.1007 127.0902 127.1337 127.1266 127.1198 127.1133 127.1072 127.1014 127.096 127.0909 127.0861 127.0818 127.0777 127.0741 127.0306 127.0252 127.0202 126.9962 126.9919 126.988 126.9845 126.9815 126.9788 126.9766 126.9749 126.9735 126.9727 126.9722 126.9722
127.7796 127.766 127.7523 127.7385 127.7247 127.7109 127.6971 127.6832 127.6694 127.6555 127.6416 127.6278 127.6139 127.5929 127.5789 127.565 127.551 127.537 127.5231 127.5091 127.4951 127.3511 127.3386 127.3263 127.3142 127.3022 127.2905 127.279 127.2678 127.1421 127.1322 127.1227 127.1134 127.1005 127.0897 127.1283 127.1209 127.1138 127.107 127.1005 127.0944 127.0886 127.0832 127.0781 127.0733 127.069 127.065 127.0613 127.0581 127.0153 127.0104 127.0058 126.9818 126.978 126.9746 126.9716 126.9691 126.967 126.9653 126.964 126.9632 126.9629 126.963
127.7709 127.7572 127.7435 127.7297 127.7159 127.7021 127.6882 127.6743 127.6604 127.6465 127.6327 127.6188 127.599 127.5851 127.5712 127.5572 127.5433 127.5293 127.5154 127.5014 127.3528 127.3401 127.3275 127.3152 127.303 127.2911 127.2793 127.2678 127.2565 127.2455 127.2347 127.1095 127.1002 127.0913 127.1234 127.1156 127.1081 127.101 127.0942 127.0877 127.0816 127.0758 127.0704 127.0653 127.0606 127.0562 127.0522 127.0486 127.0454 127.0425 127.0006 126.9961 126.992 126.9681 126.9648 126.9619 126.9594 126.9573 126.9557 126.9546 126.9539 126.9536 126.9538
127.762 127.7483 127.7345 127.7207 127.7069 127.6931 127.6792 127.6653 127.6514 127.6375 127.6236 127.6048 127.591 127.5771 127.5632 127.5493 127.5354 127.5215 127.5076 127.3546 127.3417 127.329 127.3164 127.304 127.2919 127.2799 127.2681 127.2566 127.2453 127.2342 127.2234 127.2129 127.087 127.1187 127.1106 127.1029 127.0954 127.0882 127.0814 127.075 127.0688 127.063 127.0576 127.0525 127.0478 127.0435 127.0396 127.036 127.0328 127.03 127.0275 126.9864 126.9823 126.9787 126.955 126.9521 126.9497 126.9478 126.9463 126.9452 126.9446 126.9444 126.9447
127.7529 127.7392 127.7254 127.7116 127.6978 127.6839 127.67 127.6561 127.6422 127.6283 127.6105 127.5967 127.5829 127.5691 127.5552 127.5413 127.5274 127.5136 127.3565 127.3435 127.3305 127.3178 127.3052 127.2928 127.2806 127.2686 127.2568 127.2453 127.2339 127.2229 127.2121 127.2015 127.2257 127.106 127.0979 127.0901 127.0826 127.0755 127.0687 127.0622 127.0561 127.0503 127.0449 127.0398 127.0351 127.0308 127.0269 127.0234 127.0202 127.0174 127.015 127.013 127.0115 126.9692 126.966 126.9425 126.9402 126.9383 126.9368 126.9359 126.9353 126.9353 126.9356
127.7437 127.73 127.7162 127.7024 127.6885 127.6746 127.6607 127.6468 127.6329 127.6158 127.6021 127.5884 127.5746 127.5608 127.547 127.5332 127.5193 127.3586 127.3453 127.3322 127.3193 127.3065 127.2939 127.2815 127.2693 127.2572 127.2454 127.2339 127.2225 127.2115 127.2006 127.2244 127.2148 127.2054 127.0852 127.0774 127.0699 127.0628 127.0559 127.0495 127.0434 127.0376 127.0322 127.0272 127.0225 127.0182 127.0143 127.0108 127.0076 127.0049 127.0026 127.0006 126.9991 126.998 126.9566 126.9539 126.9306 126.9288 126.9275 126.9266 126.9262 126.9262 126.9267
127.7644 127.7206 127.7068 127.693 127.6791 127.6652 127.6513 127.6374 127.6209 127.6073 127.5937 127.58 127.5662 127.5525 127.5387 127.5249 127.3607 127.3473 127.334 127.3209 127.3079 127.2951 127.2825 127.2701 127.2578 127.2458 127.234 127.2224 127.2111 127.2 127.2233 127.2134 127.2038 127.1945 127.1853 127.0647 127.0572 127.05 127.0432 127.0368 127.0306 127.0249 127.0195 127.0145 127.0099 127.0056 127.0017 126.9982 126.9951 126.9925 126.9902 126.9883 126.9868 126.9857 126.9851 126.9446 126.9425 126.9194 126.9182 126.9174 126.917 126.9172 126.9178
127.7543 127.7396 127.6972 127.6834 127.6695 127.6556 127.6417 127.6257 127.6122 127.5986 127.585 127.5714 127.5577 127.544 127.5303 127.3628 127.3493 127.3359 127.3226 127.3095 127.2965 127.2837 127.271 127.2586 127.2463 127.2343 127.2225 127.2109 127.1995 127.2224 127.2123 127.2024 127.1928 127.1835 127.1744 127.1656 127.0444 127.0373 127.0305 127.024 127.0179 127.0122 127.0069 127.0019 126.9972 126.993 126.9892 126.9857 126.9827 126.98 126.9778 126.976 126.9745 126.9735 126.9729 126.9728 126.973 126.9317 126.9089 126.9082 126.908 126.9082 126.9089
127.744 127.7293 127.7146 127.6736 127.6597 127.6458 127.6301 127.6168 127.6033 127.5898 127.5762 127.5626 127.549 127.5353 127.365 127.3513 127.3378 127.3243 127.3111 127.2979 127.2849 127.2721 127.2594 127.247 127.2347 127.2227 127.2109 127.1993 127.2216 127.2113 127.2012 127.1913 127.1817 127.1724 127.1634 127.1546 127.1461 127.0246 127.0178 127.0113 127.0053 126.9995 126.9942 126.9892 126.9847 126.9805 126.9767 126.9733 126.9703 126.9677 126.9655 126.9637 126.9623 126.9614 126.9609 126.9608 126.9611 126.9618 126.9215 126.8991 126.8989 126.8993 126.9001
127.7335 127.7188 127.704 127.6893 127.6498 127.6343 127.621 127.6076 127.5942 127.5807 127.5672 127.5537 127.5401 127.3671 127.3534 127.3397 127.3261 127.3127 127.2994 127.2862 127.2732 127.2604 127.2478 127.2353 127.223 127.211 127.1992 127.221 127.2104 127.2001 127.19 127.1802 127.1706 127.1613 127.1523 127.1436 127.1351 127.127 127.1191 126.9986 126.9926 126.9869 126.9816 126.9766 126.9721 126.9679 126.9642 126.9608 126.9579 126.9553 126.9532 126.9515 126.9502 126.9493 126.9488 126.9488 126.9492 126.95 126.9513 126.953 126.8899 126.8904 126.8913
127.7227 127.708 127.6933 127.6785 127.6573 127.6248 127.6116 127.5983 127.585 127.5715 127.5581 127.5446 127.3693 127.3554 127.3416 127.3279 127.3144 127.3009 127.2876 127.2745 127.2615 127.2486 127.236 127.2235 127.2113 127.1992 127.2204 127.2097 127.1992 127.1889 127.1788 127.169 127.1595 127.1502 127.1412 127.1325 127.1241 127.116 127.1082 127.1007 126.9799 126.9743 126.969 126.9641 126.9595 126.9554 126.9517 126.9484 126.9455 126.943 126.9409 126.9393 126.938 126.9372 126.9368 126.9369 126.9374 126.9383 126.9396 126.9414 126.9437 126.8815 126.8826
127.7118 127.6971 127.6824 127.6609 127.6471 127.6332 127.602 127.5888 127.5755 127.5621 127.5487 127.3714 127.3574 127.3435 127.3297 127.3161 127.3025 127.289 127.2757 127.2626 127.2496 127.2367 127.2241 127.2116 127.1994 127.22 127.209 127.1983 127.1878 127.1776 127.1675 127.1578 127.1483 127.139 127.1301 127.1214 127.113 127.1049 127.0972 127.0897 127.0826 126.9616 126.9564 126.9515 126.947 126.9429 126.9393 126.936 126.9331 126.9307 126.9287 126.9271 126.9259 126.9252 126.9249 126.925 126.9256 126.9266 126.928 126.9299 126.9322 126.935 126.914
127.7006 127.6859 127.6641 127.6504 127.6367 127.6228 127.6089 127.5791 127.5658 127.5525 127.3734 127.3594 127.3454 127.3315 127.3177 127.304 127.2905 127.277 127.2637 127.2505 127.2375 127.2247 127.2121 127.1996 127.2196 127.2085 127.1976 127.1869 127.1764 127.1662 127.1562 127.1464 127.137 127.1278 127.1188 127.1102 127.1019 127.0938 127.0861 127.0787 127.0717 127.065 126.9437 126.9389 126.9345 126.9305 126.9268 126.9236 126.9208 126.9184 126.9165 126.9149 126.9138 126.9132 126.913 126.9132 126.9138 126.9149 126.9164 126.9184 126.9209 126.9237 126.9271
127.6892 127.6669 127.6533 127.6397 127.626 127.6122 127.5983 127.5844 127.556 127.3753 127.3612 127.3472 127.3332 127.3193 127.3055 127.2919 127.2783 127.2648 127.2515 127.2384 127.2254 127.2126 127.1999 127.2193 127.208 127.1969 127.186 127.1753 127.1649 127.1547 127.1448 127.1351 127.1256 127.1165 127.1076 127.099 127.0907 127.0827 127.0751 127.0677 127.0607 127.0541 127.0477 126.9263 126.922 126.918 126.9144 126.9112 126.9085 126.9062 126.9043 126.9028 126.9018 126.9012 126.9011 126.9014 126.9021 126.9033 126.9049 126.907 126.9095 126.9093 126.9126
127.6692 127.6558 127.6423 127.6287 127.6151 127.6013 127.5875 127.5737 127.388 127.363 127.3489 127.3348 127.3209 127.307 127.2932 127.2795 127.266 127.2525 127.2392 127.2261 127.2131 127.2003 127.2189 127.2075 127.1963 127.1852 127.1743 127.1637 127.1533 127.1432 127.1332 127.1236 127.1142 127.1051 127.0962 127.0877 127.0795 127.0715 127.0639 127.0567 127.0497 127.0431 127.0369 127.031 126.9094 126.9055 126.902 126.8989 126.8962 126.8939 126.8921 126.8907 126.8898 126.8893 126.8892 126.8896 126.8904 126.8917 126.89 126.8921 126.8946 126.8975 126.901
127.6577 127.6444 127.631 127.6175 127.6039 127.5902 127.5765 127.3899 127.375 127.3602 127.3364 127.3223 127.3084 127.2945 127.2807 127.2671 127.2535 127.2401 127.2268 127.2137 127.2007 127.2186 127.207 127.1956 127.1844 127.1734 127.1626 127.152 127.1416 127.1315 127.1216 127.112 127.1027 127.0936 127.0848 127.0764 127.0682 127.0603 127.0528 127.0455 127.0387 127.0321 127.0259 127.0201 127.0147 126.893 126.8895 126.8865 126.8839 126.8817 126.88 126.8786 126.8778 126.8773 126.8774 126.8778 126.8751 126.8763 126.878 126.8802 126.8828 126.8858 126.8894
127.6461 127.6328 127.6195 127.606 127.5925 127.5789 127.3917 127.3768 127.3619 127.3471 127.3323 127.3097 127.2957 127.2819 127.2681 127.2544 127.2409 127.2275 127.2142 127.2011 127.2183 127.2066 127.195 127.1836 127.1725 127.1615 127.1507 127.1402 127.1299 127.1198 127.11 127.1004 127.0911 127.0821 127.0734 127.0649 127.0568 127.049 127.0415 127.0344 127.0276 127.0211 127.015 127.0092 127.0039 126.9989 126.9942 126.99 126.8716 126.8695 126.8678 126.8666 126.8658 126.8617 126.8617 126.8621 126.8629 126.8643 126.866 126.8683 126.871 126.8742 126.8778
127.6341 127.6209 127.6077 127.5943 127.5808 127.3932 127.3783 127.3634 127.3486 127.3338 127.319 127.3043 127.2829 127.269 127.2553 127.2416 127.2281 127.2147 127.2015 127.2179 127.2061 127.1944 127.1829 127.1715 127.1604 127.1495 127.1387 127.1282 127.118 127.1079 127.0982 127.0887 127.0794 127.0705 127.0618 127.0534 127.0454 127.0376 127.0302 127.0231 127.0164 127.01 127.004 126.9983 126.993 126.9881 126.9836 126.9794 126.9757 126.8572 126.8556 126.8506 126.8497 126.8493 126.8493 126.8498 126.8507 126.8522 126.854 126.8564 126.8592 126.8625 126.8662
127.6219 127.6088 127.5956 127.5823 127.3945 127.3797 127.3648 127.3499 127.3351 127.3203 127.3055 127.2909 127.2763 127.256 127.2423 127.2287 127.2152 127.2018 127.2175 127.2055 127.1937 127.1821 127.1706 127.1593 127.1482 127.1373 127.1266 127.1162 127.106 127.096 127.0863 127.0768 127.0677 127.0588 127.0502 127.0419 127.0339 127.0262 127.0189 127.0119 127.0052 126.9989 126.9929 126.9873 126.9821 126.9773 126.9728 126.9688 126.9651 126.9587 126.8392 126.8379 126.8372 126.8368 126.8369 126.8375 126.8386 126.8401 126.8421 126.8445 126.8474 126.8508 126.8547
127.6094 127.5963 127.5832 127.3956 127.3807 127.3659 127.351 127.3362 127.3214 127.3066 127.2919 127.2772 127.2626 127.2482 127.2291 127.2155 127.2021 127.217 127.2049 127.193 127.1812 127.1696 127.1582 127.1469 127.1359 127.125 127.1144 127.104 127.0939 127.0839 127.0743 127.0649 127.0558 127.047 127.0384 127.0302 127.0223 127.0147 127.0074 127.0005 126.9939 126.9877 126.9818 126.9763 126.9712 126.9664 126.9621 126.9548 126.9509 126.9475 126.9445 126.8253 126.8246 126.8243 126.8245 126.8252 126.8264 126.828 126.8301 126.8326 126.8357 126.8392 126.8432
127.5966 127.5836 127.3964 127.3815 127.3667 127.3519 127.337 127.3222 127.3074 127.2927 127.278 127.2634 127.2488 127.2344 127.22 127.2022 127.2163 127.2042 127.1921 127.1803 127.1685 127.157 127.1456 127.1344 127.1234 127.1126 127.1021 127.0917 127.0816 127.0718 127.0622 127.0529 127.0438 127.0351 127.0266 127.0184 127.0106 127.0031 126.9959 126.9891 126.9826 126.9764 126.9706 126.9652 126.9602 126.9521 126.9475 126.9433 126.9395 126.9362 126.9332 126.9307 126.812 126.8118 126.8121 126.8129 126.8142 126.8159 126.8181 126.8207 126.8239 126.8275 126.8316
127.4897 127.3969 127.3821 127.3673 127.3524 127.3376 127.3228 127.308 127.2933 127.2785 127.2639 127.2493 127.2348 127.2204 127.2061 127.2184 127.2033 127.1912 127.1792 127.1674 127.1557 127.1442 127.1329 127.1217 127.1108 127.1001 127.0896 127.0793 127.0693 127.0595 127.05 127.0407 127.0317 127.0231 127.0147 127.0066 126.9988 126.9914 126.9843 126.9775 126.9711 126.9651 126.9594 126.9505 126.9452 126.9403 126.9358 126.9317 126.9281 126.9248 126.922 126.9196 126.9176 126.7993 126.7997 126.8006 126.8019 126.8038 126.8061 126.8089 126.8121 126.8159 126.8201
127.397 127.3823 127.3675 127.3527 127.3379 127.3232 127.3084 127.2936 127.2789 127.2642 127.2496 127.235 127.2206 127.2062 127.2177 127.2047 127.1918 127.1781 127.1661 127.1544 127.1427 127.1313 127.12 127.1089 127.0981 127.0874 127.077 127.0668 127.0568 127.0471 127.0376 127.0285 127.0195 127.0109 127.0026 126.9946 126.987 126.9796 126.9726 126.9659 126.9563 126.9499 126.944 126.9384 126.9333 126.9285 126.9241 126.9201 126.9165 126.9134 126.9106 126.9083 126.9065 126.9051 126.7873 126.7882 126.7897 126.7916 126.794 126.7969 126.8003 126.8042 126.8086
127.3822 127.3675 127.3527 127.338 127.3232 127.3084 127.2937 127.279 127.2643 127.2497 127.2351 127.2206 127.2062 127.2168 127.2037 127.1908 127.178 127.1653 127.1529 127.1411 127.1296 127.1182 127.107 127.096 127.0852 127.0746 127.0642 127.0541 127.0442 127.0345 127.0252 127.0161 127.0072 126.9987 126.9905 126.9826 126.975 126.9677 126.9608 126.9504 126.9438 126.9376 126.9318 126.9263 126.9212 126.9165 126.9122 126.9084 126.9049 126.9018 126.8992 126.897 126.8953 126.894 126.8931 126.7758 126.7774 126.7794 126.782 126.785 126.7885 126.7925 126.797
127.367 127.3524 127.3377 127.323 127.3082 127.2935 127.2788 127.2641 127.2495 127.2349 127.2203 127.2059 127.2157 127.2026 127.1896 127.1768 127.164 127.1514 127.1389 127.1278 127.1163 127.1049 127.0938 127.0829 127.0721 127.0616 127.0513 127.0412 127.0314 127.0219 127.0126 127.0035 126.9948 126.9864 126.9782 126.9704 126.9629 126.9519 126.9447 126.9378 126.9313 126.9252 126.9194 126.9141 126.9091 126.9045 126.9003 126.8965 126.8932 126.8903 126.8877 126.8857 126.884 126.8829 126.8821 126.8818 126.7651 126.7673 126.7699 126.773 126.7767 126.7808 126.7854
127.3517 127.337 127.3224 127.3077 127.293 127.2783 127.2637 127.249 127.2344 127.2199 127.2054 127.2143 127.2012 127.1882 127.1753 127.1625 127.1498 127.1373 127.1249 127.1126 127.1028 127.0915 127.0804 127.0696 127.0589 127.0485 127.0382 127.0282 127.0185 127.009 126.9998 126.9909 126.9822 126.9739 126.9658 126.9542 126.9464 126.939 126.9318 126.9251 126.9187 126.9127 126.907 126.9017 126.8968 126.8924 126.8883 126.8846 126.8814 126.8786 126.8762 126.8742 126.8727 126.8716 126.871 126.8709 126.8712 126.755 126.7578 126.761 126.7648 126.7691 126.7738
127.336 127.3214 127.3068 127.2922 127.2775 127.2629 127.2483 127.2337 127.2191 127.2046 127.2127 127.1996 127.1865 127.1736 127.1608 127.148 127.1354 127.123 127.1106 127.0985 127.0865 127.0779 127.0669 127.0561 127.0455 127.0351 127.025 127.0151 127.0054 126.996 126.9869 126.9781 126.9695 126.9574 126.949 126.941 126.9333 126.9259 126.9189 126.9122 126.9059 126.9 126.8944 126.8893 126.8845 126.8801 126.8762 126.8726 126.8695 126.8668 126.8645 126.8627 126.8613 126.8603 126.8599 126.8598 126.8603 126.8611 126.7456 126.749 126.7529 126.7573 126.7621
