data/raw_data/rasters/lyr1_botm.txt
ncols         742
nrows         576
xllcorner     426899.09953807
yllcorner     6654705.5814418
cellsize      1
NODATA_value  -9999
[rows 84 to 111 of 576, columns 63 to 125 of 742]
129.5826 129.5824 129.5821 129.5819 129.5818 129.5816 129.5816 129.5815 129.5815 129.5816 129.5817 129.5818 129.582 129.5822 129.5825 129.5828 129.5832 129.5836 129.5841 129.5846 129.5852 129.5859 129.5866 129.5873 129.5882 129.5891 129.59 129.591 129.5921 129.5932 129.5945 129.5957 129.5971 129.5985 129.6 129.6016 129.6033 129.605 129.6068 129.6087 129.6107 129.6127 129.6149 129.6171 129.6194 129.6218 129.6243 129.6269 129.6296 129.6324 129.6353 129.6382 129.6413 131.0819 131.0836 131.0854 131.0873 131.0893 131.0914 131.0936 131.096 131.0985 131.1011
129.5792 129.5789 129.5787 129.5784 129.5783 129.5781 129.578 129.578 129.5779 129.5779 129.578 129.5781 129.5783 129.5785 129.5787 129.579 129.5794 129.5798 129.5803 129.5808 129.5813 129.582 129.5826 129.5834 129.5842 129.5851 129.586 129.587 129.588 129.5892 129.5904 129.5916 129.593 129.5944 129.5959 129.5974 129.5991 129.6008 129.6026 129.6045 129.6064 129.6085 129.6106 129.6129 129.6152 129.6176 129.62 129.6226 129.6253 129.6281 129.631 129.6339 129.637 129.6402 131.0715 131.0732 131.075 131.077 131.079 131.0812 131.0835 131.086 131.0885
129.5757 129.5754 129.5751 129.5749 129.5747 129.5745 129.5744 129.5743 129.5742 129.5742 129.5743 129.5744 129.5745 129.5747 129.5749 129.5752 129.5755 129.5759 129.5763 129.5768 129.5774 129.578 129.5786 129.5794 129.5801 129.581 129.5819 129.5829 129.5839 129.585 129.5862 129.5875 129.5888 129.5902 129.5916 129.5932 129.5948 129.5965 129.5983 129.6002 129.6021 129.6042 129.6063 129.6085 129.6108 129.6132 129.6157 129.6182 129.6209 129.6237 129.6265 129.6295 129.6326 129.6357 129.639 131.0608 131.0626 131.0645 131.0665 131.0686 131.0709 131.0732 131.0757
129.5722 129.5719 129.5716 129.5713 129.571 129.5708 129.5707 129.5706 129.5705 129.5705 129.5705 129.5705 129.5706 129.5708 129.571 129.5713 129.5716 129.5719 129.5723 129.5728 129.5733 129.5739 129.5745 129.5752 129.576 129.5768 129.5777 129.5787 129.5797 129.5808 129.582 129.5832 129.5845 129.5859 129.5873 129.5889 129.5905 129.5921 129.5939 129.5958 129.5977 129.5997 129.6018 129.604 129.6063 129.6087 129.6112 129.6138 129.6164 129.6192 129.622 129.625 129.6281 129.6312 129.6345 129.6378 131.05 131.0518 131.0538 131.0558 131.058 131.0604 131.0628
129.5686 129.5683 129.5679 129.5676 129.5674 129.5671 129.5669 129.5668 129.5667 129.5666 129.5666 129.5667 129.5667 129.5669 129.567 129.5673 129.5676 129.5679 129.5683 129.5687 129.5692 129.5698 129.5704 129.5711 129.5718 129.5726 129.5735 129.5744 129.5754 129.5765 129.5776 129.5788 129.5801 129.5815 129.5829 129.5844 129.586 129.5877 129.5894 129.5913 129.5932 129.5952 129.5973 129.5995 129.6018 129.6041 129.6066 129.6092 129.6118 129.6146 129.6174 129.6204 129.6234 129.6266 129.6298 129.6332 129.6367 131.039 131.0409 131.0429 131.045 131.0473 131.0497
129.565 129.5646 129.5642 129.5639 129.5636 129.5633 129.5631 129.5629 129.5628 129.5627 129.5627 129.5627 129.5627 129.5629 129.563 129.5632 129.5634 129.5638 129.5641 129.5645 129.565 129.5656 129.5661 129.5668 129.5675 129.5683 129.5691 129.57 129.571 129.5721 129.5732 129.5744 129.5757 129.577 129.5784 129.5799 129.5815 129.5831 129.5849 129.5867 129.5886 129.5906 129.5927 129.5948 129.5971 129.5995 129.6019 129.6045 129.6071 129.6098 129.6127 129.6156 129.6187 129.6218 129.6251 129.6285 129.6319 129.6355 131.0278 131.0297 131.0318 131.034 131.0363
129.5613 129.5608 129.5604 129.5601 129.5598 129.5595 129.5592 129.559 129.5589 129.5588 129.5587 129.5587 129.5587 129.5588 129.5589 129.5591 129.5593 129.5596 129.5599 129.5603 129.5607 129.5612 129.5618 129.5624 129.5631 129.5639 129.5647 129.5656 129.5666 129.5676 129.5687 129.5699 129.5711 129.5724 129.5738 129.5753 129.5769 129.5785 129.5802 129.582 129.5839 129.5859 129.588 129.5901 129.5924 129.5947 129.5971 129.5997 129.6023 129.605 129.6079 129.6108 129.6138 129.617 129.6202 129.6236 129.6271 129.6306 129.6343 131.0164 131.0184 131.0206 131.0228
129.5575 129.557 129.5566 129.5562 129.5559 129.5556 129.5553 129.5551 129.5549 129.5547 129.5546 129.5546 129.5546 129.5546 129.5547 129.5548 129.555 129.5553 129.5556 129.556 129.5564 129.5569 129.5574 129.558 129.5587 129.5594 129.5602 129.5611 129.562 129.563 129.5641 129.5652 129.5665 129.5678 129.5691 129.5706 129.5721 129.5738 129.5755 129.5772 129.5791 129.5811 129.5831 129.5853 129.5875 129.5898 129.5923 129.5948 129.5974 129.6001 129.6029 129.6059 129.6089 129.612 129.6153 129.6186 129.6221 129.6257 129.6293 129.6331 131.0049 131.0069 131.0092
129.5537 129.5532 129.5527 129.5523 129.5519 129.5516 129.5513 129.551 129.5508 129.5506 129.5505 129.5504 129.5504 129.5504 129.5504 129.5506 129.5507 129.5509 129.5512 129.5516 129.552 129.5524 129.5529 129.5535 129.5542 129.5549 129.5556 129.5565 129.5574 129.5584 129.5594 129.5605 129.5617 129.563 129.5644 129.5658 129.5673 129.5689 129.5706 129.5724 129.5742 129.5762 129.5782 129.5803 129.5826 129.5849 129.5873 129.5898 129.5924 129.5951 129.5979 129.6008 129.6038 129.607 129.6102 129.6135 129.617 129.6206 129.6243 129.6281 129.632 130.9931 130.9953
129.5498 129.5493 129.5488 129.5483 129.5479 129.5475 129.5472 129.5469 129.5466 129.5464 129.5463 129.5462 129.5461 129.5461 129.5461 129.5462 129.5463 129.5465 129.5468 129.5471 129.5475 129.5479 129.5484 129.5489 129.5495 129.5502 129.551 129.5518 129.5527 129.5536 129.5547 129.5558 129.5569 129.5582 129.5595 129.5609 129.5624 129.564 129.5657 129.5674 129.5693 129.5712 129.5732 129.5753 129.5775 129.5798 129.5822 129.5847 129.5873 129.59 129.5928 129.5957 129.5987 129.6018 129.605 129.6084 129.6118 129.6154 129.619 129.6228 129.6267 129.6308 130.9812
129.5458 129.5453 129.5447 129.5443 129.5438 129.5434 129.543 129.5427 129.5424 129.5422 129.542 129.5418 129.5417 129.5417 129.5417 129.5418 129.5419 129.542 129.5423 129.5425 129.5429 129.5433 129.5437 129.5443 129.5448 129.5455 129.5462 129.547 129.5479 129.5488 129.5498 129.5509 129.552 129.5533 129.5546 129.556 129.5574 129.559 129.5606 129.5624 129.5642 129.5661 129.5681 129.5702 129.5724 129.5746 129.577 129.5795 129.5821 129.5847 129.5875 129.5904 129.5934 129.5965 129.5997 129.603 129.6065 129.61 129.6137 129.6175 129.6214 129.6254 129.6296
129.5418 129.5412 129.5406 129.5401 129.5396 129.5392 129.5388 129.5384 129.5381 129.5379 129.5376 129.5375 129.5373 129.5372 129.5372 129.5372 129.5373 129.5375 129.5377 129.5379 129.5382 129.5386 129.539 129.5395 129.5401 129.5407 129.5414 129.5421 129.543 129.5439 129.5449 129.5459 129.547 129.5482 129.5495 129.5509 129.5523 129.5539 129.5555 129.5572 129.559 129.5609 129.5629 129.5649 129.5671 129.5694 129.5717 129.5742 129.5767 129.5794 129.5822 129.585 129.588 129.5911 129.5943 129.5976 129.6011 129.6046 129.6083 129.612 129.6159 129.6199 129.6241
129.5377 129.5371 129.5365 129.5359 129.5354 129.5349 129.5345 129.5341 129.5338 129.5335 129.5332 129.533 129.5328 129.5327 129.5327 129.5327 129.5327 129.5328 129.533 129.5332 129.5335 129.5338 129.5342 129.5347 129.5352 129.5358 129.5365 129.5372 129.538 129.5389 129.5398 129.5408 129.542 129.5431 129.5444 129.5457 129.5472 129.5487 129.5503 129.552 129.5537 129.5556 129.5575 129.5596 129.5617 129.564 129.5663 129.5688 129.5713 129.574 129.5767 129.5796 129.5825 129.5856 129.5888 129.5921 129.5955 129.599 129.6027 129.6065 129.6104 129.6144 129.6185
129.5336 129.5329 129.5323 129.5317 129.5311 129.5306 129.5302 129.5297 129.5293 129.529 129.5287 129.5285 129.5283 129.5281 129.528 129.528 129.528 129.5281 129.5282 129.5284 129.5287 129.529 129.5293 129.5298 129.5303 129.5308 129.5315 129.5322 129.5329 129.5338 129.5347 129.5357 129.5368 129.5379 129.5392 129.5405 129.5419 129.5434 129.5449 129.5466 129.5484 129.5502 129.5521 129.5542 129.5563 129.5585 129.5608 129.5632 129.5658 129.5684 129.5711 129.574 129.5769 129.58 129.5832 129.5865 129.5899 129.5934 129.597 129.6008 129.6047 129.6087 129.6128
129.5294 129.5287 129.528 129.5274 129.5268 129.5262 129.5257 129.5253 129.5249 129.5245 129.5242 129.5239 129.5237 129.5235 129.5233 129.5233 129.5233 129.5233 129.5234 129.5235 129.5238 129.524 129.5244 129.5248 129.5252 129.5258 129.5264 129.527 129.5278 129.5286 129.5295 129.5305 129.5315 129.5327 129.5339 129.5351 129.5365 129.538 129.5395 129.5412 129.5429 129.5447 129.5466 129.5486 129.5507 129.5529 129.5552 129.5576 129.5601 129.5627 129.5655 129.5683 129.5712 129.5743 129.5774 129.5807 129.5841 129.5876 129.5912 129.595 129.5988 129.6028 129.6069
129.5251 129.5244 129.5237 129.523 129.5224 129.5218 129.5212 129.5207 129.5203 129.5199 129.5195 129.5192 129.5189 129.5187 129.5186 129.5185 129.5184 129.5184 129.5185 129.5186 129.5188 129.519 129.5193 129.5197 129.5201 129.5206 129.5212 129.5218 129.5226 129.5233 129.5242 129.5251 129.5262 129.5273 129.5284 129.5297 129.5311 129.5325 129.534 129.5356 129.5373 129.5391 129.541 129.543 129.5451 129.5472 129.5495 129.5519 129.5544 129.557 129.5597 129.5625 129.5654 129.5684 129.5716 129.5748 129.5782 129.5817 129.5853 129.589 129.5929 129.5969 129.601
129.5208 129.52 129.5192 129.5185 129.5179 129.5173 129.5167 129.5161 129.5157 129.5152 129.5148 129.5145 129.5142 129.5139 129.5137 129.5136 129.5135 129.5135 129.5135 129.5136 129.5137 129.5139 129.5142 129.5145 129.5149 129.5154 129.5159 129.5166 129.5172 129.518 129.5188 129.5197 129.5207 129.5218 129.5229 129.5242 129.5255 129.5269 129.5284 129.53 129.5316 129.5334 129.5353 129.5372 129.5393 129.5414 129.5437 129.5461 129.5485 129.5511 129.5538 129.5566 129.5595 129.5625 129.5656 129.5688 129.5722 129.5757 129.5793 129.583 129.5868 129.5908 129.5949
129.5164 129.5155 129.5148 129.514 129.5133 129.5127 129.5121 129.5115 129.511 129.5105 129.51 129.5096 129.5093 129.509 129.5088 129.5086 129.5085 129.5084 129.5084 129.5085 129.5086 129.5087 129.509 129.5093 129.5096 129.5101 129.5106 129.5112 129.5118 129.5125 129.5134 129.5142 129.5152 129.5162 129.5173 129.5185 129.5198 129.5212 129.5227 129.5242 129.5259 129.5276 129.5294 129.5314 129.5334 129.5356 129.5378 129.5401 129.5426 129.5451 129.5478 129.5505 129.5534 129.5564 129.5595 129.5627 129.5661 129.5695 129.5731 129.5768 129.5806 129.5846 129.5887
129.5119 129.511 129.5102 129.5094 129.5087 129.508 129.5074 129.5067 129.5062 129.5057 129.5052 129.5048 129.5044 129.5041 129.5038 129.5036 129.5034 129.5033 129.5033 129.5033 129.5033 129.5035 129.5037 129.504 129.5043 129.5047 129.5052 129.5057 129.5063 129.507 129.5078 129.5086 129.5096 129.5106 129.5117 129.5128 129.5141 129.5154 129.5169 129.5184 129.52 129.5217 129.5235 129.5254 129.5275 129.5296 129.5318 129.5341 129.5365 129.539 129.5416 129.5444 129.5472 129.5502 129.5533 129.5565 129.5598 129.5633 129.5668 129.5705 129.5743 129.5783 129.5824
129.5074 129.5065 129.5056 129.5048 129.504 129.5033 129.5026 129.5019 129.5013 129.5008 129.5003 129.4998 129.4994 129.499 129.4987 129.4985 129.4983 129.4981 129.498 129.498 129.498 129.4982 129.4983 129.4986 129.4988 129.4992 129.4996 129.5002 129.5007 129.5014 129.5021 129.5029 129.5038 129.5048 129.5059 129.507 129.5082 129.5096 129.511 129.5125 129.514 129.5157 129.5175 129.5194 129.5214 129.5234 129.5256 129.5279 129.5303 129.5328 129.5354 129.5381 129.541 129.5439 129.547 129.5502 129.5535 129.5569 129.5604 129.5641 129.5679 129.5718 129.5759
129.5028 129.5018 129.5009 129.5001 129.4993 129.4985 129.4978 129.4971 129.4964 129.4958 129.4953 129.4948 129.4943 129.4939 129.4936 129.4933 129.493 129.4928 129.4927 129.4927 129.4927 129.4927 129.4929 129.493 129.4933 129.4936 129.494 129.4945 129.4951 129.4957 129.4964 129.4972 129.498 129.499 129.5 129.5011 129.5023 129.5036 129.505 129.5064 129.508 129.5096 129.5114 129.5132 129.5152 129.5172 129.5194 129.5217 129.524 129.5265 129.5291 129.5318 129.5346 129.5375 129.5406 129.5437 129.547 129.5504 129.5539 129.5576 129.5614 129.5653 129.5693
129.4981 129.4971 129.4962 129.4953 129.4944 129.4936 129.4928 129.4921 129.4914 129.4908 129.4902 129.4897 129.4892 129.4887 129.4883 129.488 129.4877 129.4875 129.4873 129.4872 129.4872 129.4872 129.4873 129.4875 129.4877 129.488 129.4884 129.4888 129.4893 129.4899 129.4906 129.4913 129.4921 129.493 129.494 129.4951 129.4962 129.4975 129.4988 129.5003 129.5018 129.5034 129.5052 129.507 129.5089 129.5109 129.513 129.5153 129.5176 129.5201 129.5226 129.5253 129.5281 129.531 129.534 129.5371 129.5404 129.5438 129.5473 129.5509 129.5547 129.5586 129.5626
129.4934 129.4924 129.4914 129.4905 129.4896 129.4887 129.4879 129.4871 129.4864 129.4857 129.4851 129.4845 129.4839 129.4835 129.483 129.4827 129.4823 129.4821 129.4819 129.4817 129.4817 129.4816 129.4817 129.4818 129.482 129.4823 129.4826 129.483 129.4834 129.484 129.4846 129.4853 129.4861 129.487 129.4879 129.489 129.4901 129.4913 129.4926 129.494 129.4955 129.4971 129.4988 129.5006 129.5025 129.5045 129.5066 129.5088 129.5111 129.5135 129.5161 129.5187 129.5215 129.5243 129.5273 129.5305 129.5337 129.537 129.5405 129.5441 129.5479 129.5518 129.5558
129.4886 129.4876 129.4865 129.4855 129.4846 129.4837 129.4828 129.482 129.4812 129.4805 129.4798 129.4792 129.4786 129.4781 129.4776 129.4772 129.4769 129.4766 129.4763 129.4762 129.476 129.476 129.476 129.4761 129.4762 129.4764 129.4767 129.4771 129.4775 129.478 129.4786 129.4793 129.48 129.4809 129.4818 129.4828 129.4839 129.4851 129.4863 129.4877 129.4892 129.4907 129.4924 129.4941 129.496 129.498 129.5 129.5022 129.5045 129.5069 129.5094 129.512 129.5147 129.5176 129.5206 129.5236 129.5269 129.5302 129.5337 129.5372 129.541 129.5448 129.5488
129.4838 129.4827 129.4816 129.4806 129.4796 129.4786 129.4777 129.4769 129.4761 129.4753 129.4746 129.4739 129.4733 129.4727 129.4722 129.4717 129.4713 129.471 129.4707 129.4705 129.4703 129.4702 129.4702 129.4702 129.4703 129.4705 129.4708 129.4711 129.4715 129.472 129.4725 129.4731 129.4738 129.4747 129.4755 129.4765 129.4776 129.4787 129.4799 129.4813 129.4827 129.4842 129.4858 129.4876 129.4894 129.4913 129.4934 129.4955 129.4978 129.5001 129.5026 129.5052 129.5079 129.5107 129.5137 129.5167 129.5199 129.5232 129.5267 129.5302 129.5339 129.5378 129.5417
129.4789 129.4777 129.4766 129.4755 129.4745 129.4735 129.4725 129.4716 129.4708 129.47 129.4692 129.4685 129.4678 129.4672 129.4667 129.4662 129.4657 129.4653 129.465 129.4647 129.4645 129.4644 129.4643 129.4643 129.4644 129.4645 129.4647 129.465 129.4654 129.4658 129.4663 129.4669 129.4676 129.4683 129.4692 129.4701 129.4711 129.4722 129.4734 129.4747 129.4761 129.4776 129.4792 129.4809 129.4827 129.4846 129.4866 129.4887 129.4909 129.4932 129.4957 129.4982 129.5009 129.5037 129.5066 129.5097 129.5128 129.5161 129.5195 129.5231 129.5267 129.5305 129.5345
129.4739 129.4727 129.4715 129.4704 129.4693 129.4683 129.4673 129.4664 129.4655 129.4646 129.4638 129.463 129.4623 129.4617 129.4611 129.4605 129.46 129.4596 129.4592 129.4589 129.4587 129.4585 129.4584 129.4583 129.4584 129.4585 129.4586 129.4588 129.4592 129.4595 129.46 129.4606 129.4612 129.4619 129.4627 129.4636 129.4646 129.4657 129.4668 129.4681 129.4695 129.4709 129.4725 129.4741 129.4759 129.4777 129.4797 129.4818 129.484 129.4863 129.4887 129.4912 129.4939 129.4966 129.4995 129.5025 129.5056 129.5089 129.5123 129.5158 129.5195 129.5232 129.5271
129.4689 129.4676 129.4664 129.4652 129.4641 129.463 129.462 129.461 129.4601 129.4591 129.4583 129.4575 129.4567 129.456 129.4554 129.4548 129.4543 129.4538 129.4534 129.453 129.4527 129.4525 129.4523 129.4523 129.4522 129.4523 129.4524 129.4526 129.4529 129.4532 129.4536 129.4542 129.4548 129.4554 129.4562 129.457 129.458 129.459 129.4601 129.4614 129.4627 129.4641 129.4656 129.4672 129.4689 129.4708 129.4727 129.4747 129.4769 129.4792 129.4816 129.4841 129.4867 129.4894 129.4922 129.4952 129.4983 129.5016 129.5049 129.5084 129.512 129.5158 129.5197
