data/raw_data/rasters/lyr2_botm.txt
ncols         742
nrows         576
xllcorner     426899.09953807
yllcorner     6654705.5814418
cellsize      1
NODATA_value  -9999
[rows 28 to 55 of 576, columns 126 to 188 of 742]
127.8279 127.8312 127.8346 127.8381 127.8417 127.8453 127.8491 127.853 127.857 127.8611 127.8653 127.8696 127.874 127.8786 127.8832 127.888 127.8929 127.8979 127.9031 127.9083 127.9137 127.9193 127.9249 127.9307 127.9367 127.9427 127.949 127.9553 127.9618 127.9685 127.9753 127.9823 127.9894 127.9966 128.0041 128.0117 128.0194 128.0273 128.0354 128.0437 128.0521 128.0607 128.0695 128.0784 128.0876 128.0969 128.1064 128.1161 128.1259 128.136 128.1463 128.1567 128.1674 128.1783 128.1893 128.2006 128.212 128.2237 128.2356 128.2477 128.26 128.2725 128.2853
127.8233 127.8266 127.8299 127.8334 127.8369 127.8406 127.8443 127.8481 127.8521 127.8561 127.8603 127.8646 127.869 127.8735 127.8781 127.8828 127.8877 127.8927 127.8978 127.903 127.9084 127.9138 127.9195 127.9252 127.9311 127.9372 127.9433 127.9496 127.9561 127.9627 127.9695 127.9764 127.9835 127.9907 127.9981 128.0056 128.0133 128.0212 128.0292 128.0374 128.0458 128.0543 128.0631 128.072 128.0811 128.0903 128.0998 128.1094 128.1192 128.1292 128.1395 128.1499 128.1605 128.1713 128.1823 128.1935 128.2049 128.2165 128.2283 128.2404 128.2526 128.2651 128.2778
127.8187 127.8219 127.8252 127.8286 127.8321 127.8357 127.8394 127.8432 127.8471 127.8511 127.8552 127.8595 127.8638 127.8683 127.8729 127.8776 127.8824 127.8873 127.8924 127.8976 127.9029 127.9083 127.9139 127.9196 127.9255 127.9314 127.9376 127.9438 127.9503 127.9568 127.9635 127.9704 127.9774 127.9846 127.9919 127.9994 128.0071 128.0149 128.0229 128.031 128.0393 128.0478 128.0565 128.0654 128.0744 128.0836 128.093 128.1026 128.1124 128.1223 128.1325 128.1428 128.1534 128.1641 128.175 128.1862 128.1975 128.2091 128.2209 128.2328 128.245 128.2574 128.2701
127.8139 127.8171 127.8203 127.8237 127.8272 127.8307 127.8344 127.8382 127.842 127.846 127.8501 127.8543 127.8586 127.863 127.8675 127.8722 127.8769 127.8818 127.8868 127.892 127.8973 127.9027 127.9082 127.9139 127.9197 127.9256 127.9317 127.9379 127.9443 127.9508 127.9575 127.9643 127.9712 127.9784 127.9856 127.9931 128.0007 128.0084 128.0164 128.0245 128.0327 128.0412 128.0498 128.0586 128.0676 128.0767 128.0861 128.0956 128.1053 128.1152 128.1253 128.1356 128.1461 128.1568 128.1677 128.1787 128.19 128.2015 128.2132 128.2252 128.2373 128.2496 128.2622
127.809 127.8122 127.8154 127.8187 127.8221 127.8257 127.8293 127.833 127.8368 127.8408 127.8448 127.8489 127.8532 127.8576 127.8621 127.8667 127.8714 127.8762 127.8812 127.8863 127.8915 127.8969 127.9024 127.908 127.9137 127.9196 127.9257 127.9318 127.9382 127.9446 127.9512 127.958 127.9649 127.972 127.9792 127.9866 127.9941 128.0019 128.0097 128.0178 128.026 128.0344 128.043 128.0517 128.0606 128.0697 128.079 128.0885 128.0981 128.108 128.118 128.1282 128.1387 128.1493 128.1601 128.1711 128.1824 128.1938 128.2054 128.2173 128.2294 128.2417 128.2542
127.8041 127.8072 127.8103 127.8136 127.817 127.8205 127.8241 127.8277 127.8315 127.8354 127.8394 127.8435 127.8477 127.8521 127.8565 127.8611 127.8657 127.8705 127.8755 127.8805 127.8857 127.891 127.8964 127.902 127.9077 127.9136 127.9195 127.9257 127.9319 127.9383 127.9449 127.9516 127.9585 127.9655 127.9727 127.98 127.9875 127.9951 128.003 128.011 128.0191 128.0275 128.0359 128.0446 128.0535 128.0625 128.0718 128.0812 128.0908 128.1005 128.1105 128.1207 128.1311 128.1416 128.1524 128.1633 128.1745 128.1859 128.1975 128.2093 128.2213 128.2335 128.2459
127.799 127.8021 127.8052 127.8084 127.8118 127.8152 127.8187 127.8224 127.8261 127.83 127.8339 127.838 127.8421 127.8464 127.8508 127.8553 127.86 127.8647 127.8696 127.8746 127.8797 127.885 127.8904 127.8959 127.9015 127.9073 127.9133 127.9193 127.9256 127.9319 127.9384 127.9451 127.9519 127.9588 127.966 127.9732 127.9807 127.9883 127.996 128.004 128.0121 128.0204 128.0288 128.0374 128.0462 128.0552 128.0644 128.0737 128.0833 128.093 128.1029 128.113 128.1233 128.1338 128.1445 128.1554 128.1665 128.1778 128.1893 128.201 128.213 128.2251 128.2375
127.7938 127.7969 127.7999 127.8031 127.8064 127.8098 127.8133 127.8169 127.8206 127.8244 127.8283 127.8323 127.8364 127.8407 127.845 127.8495 127.8541 127.8588 127.8636 127.8686 127.8736 127.8788 127.8842 127.8896 127.8953 127.901 127.9069 127.9129 127.919 127.9254 127.9318 127.9384 127.9452 127.9521 127.9591 127.9663 127.9737 127.9813 127.989 127.9969 128.0049 128.0131 128.0215 128.0301 128.0388 128.0477 128.0568 128.0661 128.0756 128.0852 128.0951 128.1051 128.1154 128.1258 128.1364 128.1472 128.1583 128.1695 128.181 128.1926 128.2045 128.2166 128.2289
127.7886 127.7915 127.7946 127.7978 127.801 127.8044 127.8078 127.8113 127.815 127.8187 127.8226 127.8266 127.8306 127.8348 127.8391 127.8435 127.8481 127.8527 127.8575 127.8624 127.8674 127.8726 127.8779 127.8833 127.8888 127.8945 127.9003 127.9063 127.9124 127.9187 127.9251 127.9316 127.9383 127.9452 127.9522 127.9593 127.9666 127.9741 127.9818 127.9896 127.9976 128.0057 128.014 128.0225 128.0312 128.0401 128.0491 128.0583 128.0677 128.0773 128.0871 128.0971 128.1073 128.1176 128.1282 128.1389 128.1499 128.1611 128.1724 128.184 128.1958 128.2078 128.22
127.7832 127.7861 127.7891 127.7923 127.7955 127.7988 127.8022 127.8057 127.8093 127.813 127.8168 127.8207 127.8247 127.8289 127.8331 127.8375 127.842 127.8466 127.8513 127.8561 127.8611 127.8662 127.8714 127.8768 127.8823 127.8879 127.8937 127.8996 127.9056 127.9118 127.9182 127.9247 127.9313 127.9381 127.945 127.9521 127.9594 127.9668 127.9744 127.9822 127.9901 127.9982 128.0064 128.0149 128.0235 128.0323 128.0412 128.0504 128.0597 128.0693 128.079 128.0889 128.099 128.1093 128.1198 128.1304 128.1413 128.1525 128.1637 128.1753 128.187 128.1989 128.2111
127.7777 127.7806 127.7836 127.7867 127.7898 127.7931 127.7964 127.7999 127.8034 127.8071 127.8108 127.8147 127.8187 127.8228 127.827 127.8313 127.8357 127.8403 127.8449 127.8497 127.8547 127.8597 127.8649 127.8702 127.8756 127.8812 127.8869 127.8928 127.8988 127.9049 127.9112 127.9176 127.9242 127.9309 127.9378 127.9448 127.952 127.9594 127.9669 127.9746 127.9825 127.9905 127.9987 128.007 128.0156 128.0243 128.0332 128.0423 128.0516 128.061 128.0707 128.0805 128.0905 128.1008 128.1112 128.1218 128.1326 128.1436 128.1549 128.1663 128.1779 128.1898 128.2019
127.7722 127.775 127.7779 127.7809 127.7841 127.7873 127.7906 127.794 127.7975 127.8011 127.8048 127.8086 127.8125 127.8166 127.8207 127.825 127.8294 127.8339 127.8385 127.8432 127.8481 127.8531 127.8582 127.8634 127.8688 127.8743 127.88 127.8858 127.8917 127.8978 127.904 127.9104 127.9169 127.9236 127.9304 127.9374 127.9445 127.9518 127.9593 127.9669 127.9747 127.9826 127.9908 127.9991 128.0075 128.0162 128.025 128.034 128.0432 128.0526 128.0622 128.072 128.0819 128.0921 128.1024 128.113 128.1237 128.1347 128.1458 128.1572 128.1687 128.1805 128.1925
127.7665 127.7693 127.7722 127.7751 127.7782 127.7813 127.7846 127.788 127.7914 127.795 127.7986 127.8024 127.8063 127.8102 127.8143 127.8186 127.8229 127.8273 127.8319 127.8366 127.8414 127.8463 127.8514 127.8566 127.8619 127.8674 127.873 127.8787 127.8846 127.8906 127.8967 127.903 127.9095 127.9161 127.9229 127.9298 127.9368 127.9441 127.9515 127.959 127.9667 127.9746 127.9827 127.9909 127.9993 128.0079 128.0167 128.0256 128.0347 128.0441 128.0536 128.0632 128.0731 128.0832 128.0935 128.1039 128.1146 128.1255 128.1366 128.1478 128.1593 128.171 128.1829
127.7607 127.7635 127.7663 127.7692 127.7722 127.7753 127.7785 127.7818 127.7852 127.7887 127.7924 127.7961 127.7999 127.8038 127.8079 127.812 127.8163 127.8207 127.8252 127.8298 127.8346 127.8394 127.8444 127.8496 127.8548 127.8602 127.8658 127.8714 127.8773 127.8832 127.8893 127.8955 127.9019 127.9085 127.9152 127.922 127.929 127.9362 127.9435 127.951 127.9586 127.9665 127.9745 127.9826 127.991 127.9995 128.0082 128.017 128.0261 128.0353 128.0448 128.0544 128.0642 128.0742 128.0844 128.0948 128.1053 128.1161 128.1271 128.1383 128.1497 128.1614 128.1732
127.7549 127.7575 127.7603 127.7632 127.7662 127.7692 127.7724 127.7756 127.779 127.7824 127.786 127.7896 127.7934 127.7973 127.8013 127.8054 127.8096 127.8139 127.8184 127.8229 127.8276 127.8324 127.8374 127.8425 127.8477 127.853 127.8585 127.8641 127.8698 127.8757 127.8817 127.8879 127.8942 127.9007 127.9073 127.9141 127.9211 127.9282 127.9354 127.9428 127.9504 127.9582 127.9661 127.9742 127.9824 127.9909 127.9995 128.0083 128.0173 128.0264 128.0358 128.0453 128.0551 128.065 128.0751 128.0854 128.0959 128.1066 128.1175 128.1286 128.14 128.1515 128.1633
127.7489 127.7515 127.7542 127.757 127.76 127.763 127.7661 127.7693 127.7726 127.776 127.7795 127.7831 127.7868 127.7906 127.7945 127.7986 127.8027 127.807 127.8114 127.8159 127.8205 127.8253 127.8302 127.8352 127.8403 127.8456 127.851 127.8566 127.8623 127.8681 127.874 127.8801 127.8864 127.8928 127.8994 127.9061 127.913 127.92 127.9272 127.9345 127.942 127.9497 127.9575 127.9656 127.9737 127.9821 127.9907 127.9994 128.0083 128.0174 128.0266 128.0361 128.0457 128.0556 128.0656 128.0759 128.0863 128.0969 128.1077 128.1188 128.13 128.1415 128.1531
127.7428 127.7454 127.748 127.7508 127.7537 127.7566 127.7597 127.7628 127.7661 127.7694 127.7728 127.7764 127.78 127.7838 127.7877 127.7917 127.7958 127.8 127.8043 127.8088 127.8133 127.818 127.8229 127.8278 127.8329 127.8381 127.8434 127.8489 127.8545 127.8603 127.8662 127.8722 127.8784 127.8848 127.8913 127.8979 127.9047 127.9117 127.9188 127.926 127.9335 127.9411 127.9489 127.9568 127.9649 127.9732 127.9817 127.9903 127.9991 128.0081 128.0173 128.0267 128.0363 128.046 128.056 128.0661 128.0765 128.087 128.0978 128.1087 128.1199 128.1312 128.1428
127.7366 127.7391 127.7417 127.7445 127.7473 127.7502 127.7532 127.7562 127.7594 127.7627 127.7661 127.7696 127.7732 127.7769 127.7807 127.7846 127.7887 127.7928 127.7971 127.8015 127.806 127.8106 127.8154 127.8203 127.8253 127.8305 127.8357 127.8411 127.8467 127.8524 127.8582 127.8642 127.8703 127.8766 127.883 127.8896 127.8963 127.9032 127.9102 127.9174 127.9248 127.9323 127.94 127.9479 127.9559 127.9641 127.9725 127.9811 127.9898 127.9987 128.0078 128.0171 128.0266 128.0363 128.0462 128.0562 128.0665 128.077 128.0876 128.0985 128.1095 128.1208 128.1323
127.7303 127.7328 127.7353 127.738 127.7407 127.7436 127.7465 127.7496 127.7527 127.7559 127.7593 127.7627 127.7662 127.7699 127.7736 127.7775 127.7815 127.7856 127.7898 127.7941 127.7986 127.8031 127.8078 127.8126 127.8176 127.8227 127.8279 127.8332 127.8387 127.8443 127.8501 127.856 127.862 127.8682 127.8746 127.8811 127.8877 127.8945 127.9015 127.9086 127.9159 127.9234 127.931 127.9388 127.9467 127.9549 127.9632 127.9717 127.9803 127.9892 127.9982 128.0074 128.0168 128.0264 128.0362 128.0462 128.0563 128.0667 128.0773 128.088 128.099 128.1102 128.1216
127.7239 127.7263 127.7288 127.7314 127.7341 127.7369 127.7398 127.7428 127.7458 127.749 127.7523 127.7557 127.7591 127.7627 127.7664 127.7702 127.7741 127.7782 127.7823 127.7866 127.791 127.7955 127.8001 127.8049 127.8097 127.8148 127.8199 127.8252 127.8306 127.8361 127.8418 127.8477 127.8536 127.8598 127.866 127.8725 127.879 127.8858 127.8927 127.8997 127.9069 127.9143 127.9218 127.9295 127.9374 127.9455 127.9537 127.9621 127.9707 127.9794 127.9884 127.9975 128.0068 128.0163 128.026 128.0359 128.046 128.0563 128.0667 128.0774 128.0883 128.0994 128.1107
127.7173 127.7197 127.7222 127.7247 127.7274 127.7301 127.7329 127.7358 127.7389 127.742 127.7452 127.7485 127.7519 127.7555 127.7591 127.7628 127.7667 127.7707 127.7747 127.7789 127.7833 127.7877 127.7923 127.7969 127.8018 127.8067 127.8118 127.817 127.8223 127.8278 127.8334 127.8392 127.8451 127.8511 127.8573 127.8637 127.8702 127.8768 127.8837 127.8906 127.8978 127.9051 127.9125 127.9201 127.9279 127.9359 127.944 127.9524 127.9608 127.9695 127.9784 127.9874 127.9967 128.0061 128.0157 128.0255 128.0355 128.0457 128.056 128.0666 128.0774 128.0884 128.0996
127.7107 127.713 127.7154 127.7179 127.7205 127.7232 127.726 127.7288 127.7318 127.7348 127.738 127.7412 127.7446 127.7481 127.7516 127.7553 127.7591 127.763 127.767 127.7712 127.7754 127.7798 127.7843 127.7889 127.7936 127.7985 127.8035 127.8087 127.8139 127.8193 127.8249 127.8306 127.8364 127.8424 127.8485 127.8548 127.8612 127.8678 127.8745 127.8814 127.8884 127.8957 127.903 127.9106 127.9183 127.9262 127.9342 127.9425 127.9509 127.9594 127.9682 127.9772 127.9863 127.9956 128.0051 128.0149 128.0247 128.0349 128.0452 128.0556 128.0663 128.0772 128.0883
127.704 127.7062 127.7086 127.711 127.7136 127.7162 127.7189 127.7217 127.7246 127.7276 127.7307 127.7339 127.7372 127.7406 127.7441 127.7477 127.7514 127.7552 127.7592 127.7633 127.7674 127.7717 127.7762 127.7807 127.7854 127.7902 127.7951 127.8002 127.8054 127.8107 127.8162 127.8218 127.8276 127.8335 127.8395 127.8457 127.852 127.8585 127.8652 127.872 127.879 127.8861 127.8934 127.9008 127.9085 127.9163 127.9242 127.9324 127.9407 127.9492 127.9579 127.9667 127.9758 127.985 127.9944 128.0041 128.0139 128.0239 128.0341 128.0445 128.0551 128.0659 128.0769
127.6971 127.6993 127.7016 127.704 127.7065 127.709 127.7117 127.7144 127.7173 127.7202 127.7232 127.7263 127.7296 127.7329 127.7364 127.7399 127.7436 127.7473 127.7512 127.7552 127.7593 127.7636 127.7679 127.7724 127.777 127.7817 127.7866 127.7916 127.7967 127.802 127.8074 127.8129 127.8186 127.8244 127.8304 127.8365 127.8427 127.8492 127.8557 127.8624 127.8693 127.8764 127.8836 127.891 127.8985 127.9062 127.9141 127.9221 127.9304 127.9388 127.9474 127.9561 127.9651 127.9742 127.9836 127.9931 128.0028 128.0127 128.0228 128.0331 128.0436 128.0543 128.0652
127.6902 127.6923 127.6945 127.6969 127.6993 127.7018 127.7044 127.707 127.7098 127.7127 127.7156 127.7187 127.7219 127.7252 127.7285 127.732 127.7356 127.7393 127.7431 127.7471 127.7511 127.7553 127.7595 127.764 127.7685 127.7731 127.7779 127.7828 127.7879 127.7931 127.7984 127.8038 127.8094 127.8152 127.8211 127.8271 127.8333 127.8396 127.8461 127.8527 127.8596 127.8665 127.8736 127.8809 127.8884 127.896 127.9038 127.9118 127.9199 127.9282 127.9367 127.9454 127.9542 127.9633 127.9725 127.9819 127.9916 128.0014 128.0114 128.0216 128.032 128.0426 128.0534
127.6831 127.6852 127.6874 127.6896 127.692 127.6944 127.6969 127.6995 127.7022 127.7051 127.708 127.711 127.7141 127.7173 127.7206 127.724 127.7275 127.7312 127.7349 127.7388 127.7427 127.7468 127.751 127.7554 127.7598 127.7644 127.7691 127.774 127.7789 127.784 127.7893 127.7946 127.8002 127.8058 127.8116 127.8176 127.8237 127.8299 127.8363 127.8429 127.8496 127.8565 127.8635 127.8707 127.8781 127.8856 127.8933 127.9012 127.9092 127.9174 127.9258 127.9344 127.9432 127.9521 127.9613 127.9706 127.9801 127.9898 127.9997 128.0098 128.0201 128.0306 128.0413
127.6759 127.6779 127.68 127.6823 127.6845 127.6869 127.6894 127.6919 127.6946 127.6973 127.7001 127.7031 127.7061 127.7093 127.7125 127.7159 127.7193 127.7229 127.7265 127.7303 127.7342 127.7383 127.7424 127.7466 127.751 127.7555 127.7602 127.7649 127.7698 127.7748 127.78 127.7853 127.7907 127.7963 127.802 127.8079 127.8139 127.8201 127.8264 127.8329 127.8395 127.8463 127.8532 127.8603 127.8676 127.8751 127.8827 127.8904 127.8984 127.9065 127.9148 127.9233 127.932 127.9408 127.9499 127.9591 127.9685 127.9781 127.9879 127.9979 128.0081 128.0185 128.0291
127.6686 127.6706 127.6726 127.6748 127.677 127.6793 127.6817 127.6842 127.6868 127.6894 127.6922 127.6951 127.6981 127.7011 127.7043 127.7076 127.711 127.7145 127.7181 127.7218 127.7256 127.7295 127.7336 127.7378 127.7421 127.7465 127.7511 127.7558 127.7606 127.7655 127.7706 127.7758 127.7812 127.7867 127.7923 127.7981 127.804 127.8101 127.8163 127.8227 127.8292 127.8359 127.8428 127.8498 127.857 127.8643 127.8719 127.8795 127.8874 127.8954 127.9036 127.912 127.9206 127.9293 127.9383 127.9474 127.9567 127.9662 127.9759 127.9858 127.9959 128.0062 128.0167
