data/raw_data/rasters/lyr2_botm.txt
ncols         742
nrows         576
xllcorner     426899.09953807
yllcorner     6654705.5814418
cellsize      1
NODATA_value  -9999
[rows 28 to 55 of 576, columns 504 to 566 of 742]
136.6629 136.6854 136.7075 136.7294 136.751 136.7722 136.8397 136.865 136.8844 136.5829 136.6057 136.6285 136.5588 136.5836 136.6085 136.6333 136.6582 137.0082 137.0265 137.0446 137.0625 137.0801 137.0974 137.1145 137.1314 137.1481 137.1524 137.1674 137.1826 137.1976 137.2123 137.2269 137.2413 137.2555 137.2696 137.2834 137.2972 137.3108 137.3242 137.3376 137.3507 137.3638 137.3768 137.3897 137.4024 137.4151 137.4277 137.4403 137.4527 137.4651 137.4849 137.5251 137.5715 137.5829 137.5941 137.6054 137.6165 137.6275 137.6385 137.6494 137.6603 137.671 137.6817
136.6339 136.6562 136.6781 136.6998 136.7211 136.7891 136.8143 136.8338 136.853 136.8719 136.5726 136.5954 136.5237 136.5486 136.5734 136.5983 136.6232 136.9735 136.9917 137.0097 137.0274 137.0448 137.062 137.079 137.0957 137.1123 137.1283 137.1318 137.1468 137.1616 137.1761 137.1905 137.2047 137.2188 137.2326 137.2463 137.2598 137.2732 137.2865 137.2996 137.3126 137.3255 137.3382 137.3509 137.3635 137.376 137.3884 137.4007 137.413 137.4331 137.4728 137.4856 137.5371 137.5424 137.5535 137.5645 137.5754 137.5863 137.597 137.6077 137.6183 137.6289 137.6393
136.6048 136.6268 136.6485 136.6699 136.7382 136.7582 136.7831 136.8024 136.8214 136.84 136.8584 136.562 136.4882 136.5131 136.538 136.5629 136.5879 136.6128 136.9565 136.9743 136.9918 137.0091 137.0262 137.043 137.0596 137.0757 137.0919 137.1078 137.1105 137.1251 137.1395 137.1537 137.1676 137.1815 137.1951 137.2086 137.2219 137.2351 137.2481 137.261 137.2738 137.2864 137.299 137.3114 137.3238 137.3361 137.3483 137.3604 137.3807 137.4199 137.4326 137.4453 137.496 137.5058 137.5119 137.5227 137.5334 137.544 137.5545 137.565 137.5754 137.5857 137.5959
136.5755 136.5973 136.6188 136.6872 136.7073 136.7321 136.7515 136.7707 136.7895 136.8079 136.8261 136.8439 136.551 136.4774 136.5023 136.5272 136.5522 136.5772 136.9208 136.9385 136.9558 136.973 136.9899 137.0065 137.0228 137.039 137.0549 137.0707 137.0862 137.0882 137.1023 137.1163 137.13 137.1436 137.157 137.1703 137.1834 137.1964 137.2092 137.2218 137.2344 137.2468 137.2591 137.2713 137.2835 137.2955 137.3075 137.328 137.3664 137.379 137.3916 137.4041 137.4541 137.4636 137.473 137.4799 137.4904 137.5007 137.511 137.5212 137.5314 137.5414 137.5514
136.5461 136.5676 136.6359 136.6562 136.6762 136.7005 136.7198 136.7387 136.7573 136.7755 136.7935 136.8111 136.8285 136.4413 136.4662 136.4912 136.5162 136.5412 136.5662 136.9022 136.9194 136.9364 136.9531 136.9696 136.9857 137.0017 137.0175 137.0331 137.0484 137.0635 137.0647 137.0784 137.0919 137.1053 137.1185 137.1315 137.1443 137.1571 137.1696 137.1821 137.1944 137.2065 137.2186 137.2306 137.2425 137.2543 137.2748 137.3125 137.325 137.3374 137.3498 137.3621 137.4112 137.4205 137.4297 137.4388 137.4464 137.4565 137.4665 137.4765 137.4863 137.4962 137.5059
136.5166 136.5845 136.6049 136.625 136.6493 136.6687 136.6877 136.7065 136.7248 136.7429 136.7606 136.7781 136.7952 136.744 136.4298 136.4548 136.4798 136.5048 136.5299 136.8655 136.8826 136.8994 136.9159 136.9321 136.9482 136.964 136.9796 136.9949 137.0101 137.025 137.0397 137.04 137.0533 137.0664 137.0794 137.0921 137.1048 137.1172 137.1295 137.1417 137.1537 137.1657 137.1775 137.1892 137.2008 137.2214 137.2581 137.2705 137.2828 137.2951 137.3072 137.3193 137.3676 137.3765 137.3855 137.3943 137.4031 137.4114 137.4211 137.4308 137.4404 137.4499 137.4594
136.7222 136.5535 136.5738 136.5937 136.6175 136.6367 136.6555 136.674 136.6922 136.71 136.7275 136.7447 136.7616 136.709 136.7266 136.4181 136.4431 136.4681 136.4932 136.5183 136.8453 136.8619 136.8783 136.8944 136.9102 136.9258 136.9412 136.9564 136.9713 136.986 137.0005 137.0148 137.0143 137.0271 137.0398 137.0523 137.0646 137.0768 137.0889 137.1008 137.1126 137.1242 137.1358 137.1472 137.1677 137.2034 137.2157 137.2278 137.2399 137.252 137.2639 137.2758 137.3231 137.3318 137.3404 137.3489 137.3574 137.3659 137.3748 137.3842 137.3935 137.4027 137.4119
136.6945 136.7144 136.5424 136.5662 136.5855 136.6044 136.623 136.6413 136.6592 136.6768 136.6941 136.7111 136.7277 136.6736 136.691 136.7081 136.4061 136.4311 136.4562 136.4813 136.8076 136.8241 136.8403 136.8562 136.8718 136.8872 136.9024 136.9173 136.932 136.9465 136.9608 136.9749 136.9888 136.9873 136.9997 137.0119 137.024 137.0359 137.0477 137.0593 137.0708 137.0822 137.0934 137.1138 137.1483 137.1605 137.1725 137.1845 137.1963 137.2081 137.2198 137.2314 137.2778 137.2861 137.2944 137.3027 137.3109 137.319 137.3271 137.3366 137.3457 137.3546 137.3635
136.6665 136.6862 136.7055 136.5342 136.5532 136.572 136.5903 136.6084 136.6261 136.6435 136.6605 136.6772 136.6936 136.7097 136.6552 136.6721 136.6887 136.3938 136.4189 136.444 136.4692 136.7859 136.8018 136.8175 136.833 136.8481 136.8631 136.8778 136.8923 136.9066 136.9206 136.9345 136.9481 136.9616 136.9592 136.9711 136.9829 136.9945 137.006 137.0173 137.0285 137.0396 137.0597 137.0929 137.105 137.1169 137.1287 137.1404 137.152 137.1636 137.175 137.1864 137.2317 137.2397 137.2477 137.2556 137.2635 137.2713 137.2791 137.2869 137.297 137.3056 137.3142
136.6384 136.6579 136.6769 136.6955 136.5208 136.5393 136.5575 136.5753 136.5927 136.6099 136.6266 136.6431 136.6592 136.675 136.619 136.6357 136.6521 136.6683 136.3812 136.4063 136.4328 136.458 136.763 136.7785 136.7937 136.8087 136.8234 136.8379 136.8521 136.8662 136.88 136.8936 136.907 136.9202 136.9332 136.9298 136.9413 136.9527 136.9638 136.9749 136.9857 137.0055 137.0373 137.0492 137.061 137.0727 137.0842 137.0957 137.1071 137.1183 137.1295 137.1407 137.1848 137.1926 137.2002 137.2078 137.2153 137.2228 137.2303 137.2377 137.2451 137.2557 137.264
136.6101 136.6294 136.6481 136.6665 136.6844 136.5065 136.5244 136.542 136.5592 136.576 136.5926 136.6088 136.6246 136.6402 136.5826 136.5991 136.6153 136.6312 136.6468 136.3698 136.395 136.4202 136.7238 136.7391 136.7541 136.7688 136.7833 136.7975 136.8116 136.8253 136.8389 136.8522 136.8654 136.8783 136.8911 136.9036 136.8993 136.9103 136.9212 136.9319 136.9512 136.9815 136.9933 137.0049 137.0164 137.0278 137.0391 137.0503 137.0614 137.0724 137.0834 137.0943 137.1373 137.1446 137.1519 137.1591 137.1663 137.1735 137.1806 137.1877 137.1948 137.205 137.213
136.5817 136.6007 136.6192 136.6373 136.6549 136.6721 136.4911 136.5085 136.5254 136.542 136.5583 136.5742 136.5898 136.6051 136.546 136.5623 136.5782 136.5938 136.6092 136.6243 136.3568 136.382 136.4072 136.6993 136.714 136.7285 136.7428 136.7568 136.7705 136.7841 136.7974 136.8105 136.8233 136.836 136.8485 136.8608 136.8729 136.8675 136.8781 136.8969 136.9256 136.9372 136.9487 136.9601 136.9713 136.9824 136.9935 137.0044 137.0152 137.0259 137.0366 137.0472 137.089 137.0959 137.1029 137.1097 137.1166 137.1234 137.1302 137.137 137.1437 137.1535 137.1612
136.5531 136.5718 136.5901 136.608 136.6253 136.6422 136.6586 136.4748 136.4915 136.5078 136.5238 136.5395 136.5548 136.5698 136.5092 136.5252 136.5408 136.5562 136.5713 136.5861 136.6007 136.3435 136.3687 136.6591 136.6736 136.6879 136.7019 136.7156 136.7291 136.7424 136.7554 136.7682 136.7809 136.7932 136.8054 136.8174 136.8293 136.8409 136.8426 136.8695 136.881 136.8923 136.9036 136.9146 136.9256 136.9364 136.9472 136.9578 136.9683 136.9788 136.9892 136.9995 137.04 137.0466 137.0531 137.0596 137.0661 137.0725 137.079 137.0854 137.0918 137.1012 137.1086
136.5243 136.5428 136.5609 136.5784 136.5955 136.6121 136.6283 136.6439 136.4573 136.4734 136.4891 136.5045 136.5195 136.5342 136.5486 136.4878 136.5033 136.5184 136.5332 136.5478 136.562 136.576 136.3299 136.3552 136.6328 136.6468 136.6606 136.6741 136.6873 136.7003 136.7131 136.7256 136.7379 136.7501 136.762 136.7737 136.7852 136.8018 136.8133 136.8247 136.8359 136.847 136.8579 136.8687 136.8794 136.8899 136.9003 136.9107 136.9209 136.931 136.9411 136.9511 136.9903 136.9965 137.0027 137.0088 137.0149 137.021 137.027 137.0331 137.0392 137.0482 137.0552
136.6422 136.5137 136.5315 136.5488 136.5656 136.5819 136.5977 136.6131 136.628 136.4388 136.4543 136.4694 136.4841 136.4985 136.5126 136.4503 136.4655 136.4803 136.4949 136.5092 136.5231 136.5368 136.5502 136.3161 136.5917 136.6054 136.6189 136.6321 136.6451 136.6579 136.6703 136.6826 136.6946 136.7065 136.7181 136.7295 136.7457 136.7572 136.7684 136.7794 136.7904 136.8011 136.8118 136.8223 136.8326 136.8428 136.853 136.863 136.8729 136.8828 136.8925 136.9022 136.94 136.9458 136.9515 136.9573 136.963 136.9686 136.9743 136.98 136.9858 136.9944 137.0011
136.5889 136.6328 136.5019 136.5189 136.5354 136.5515 136.567 136.5821 136.5967 136.6108 136.4193 136.4341 136.4485 136.4626 136.4763 136.4126 136.4275 136.4421 136.4564 136.4704 136.484 136.4974 136.5106 136.5234 136.3019 136.5637 136.5769 136.5899 136.6026 136.615 136.6272 136.6392 136.651 136.6625 136.6738 136.6896 136.7009 136.7121 136.723 136.7338 136.7444 136.7548 136.7651 136.7753 136.7853 136.7953 136.8051 136.8148 136.8244 136.8339 136.8433 136.8527 136.889 136.8944 136.8997 136.9051 136.9104 136.9157 136.921 136.9263 136.9335 136.9398 136.9462
136.559 136.5783 136.6221 136.489 136.5052 136.5209 136.5362 136.5509 136.5652 136.579 136.5923 136.3986 136.4127 136.4265 136.44 136.3747 136.3893 136.4036 136.4176 136.4313 136.4447 136.4578 136.4706 136.4832 136.4954 136.5217 136.5346 136.5473 136.5597 136.5719 136.5838 136.5954 136.6069 136.6181 136.6335 136.6447 136.6557 136.6665 136.6772 136.6876 136.6979 136.7081 136.718 136.7279 136.7376 136.7472 136.7567 136.766 136.7753 136.7845 136.7936 136.8027 136.8117 136.8424 136.8473 136.8522 136.8571 136.862 136.8669 136.8719 136.8787 136.8846 136.8906
136.529 136.548 136.5665 136.6102 136.4748 136.4902 136.5052 136.5196 136.5336 136.547 136.56 136.5725 136.3768 136.3903 136.4034 136.3367 136.351 136.365 136.3787 136.3921 136.4052 136.418 136.4305 136.4427 136.4547 136.4663 136.492 136.5043 136.5165 136.5284 136.54 136.5513 136.5625 136.5773 136.5884 136.5994 136.6101 136.6206 136.6309 136.6411 136.651 136.6609 136.6705 136.68 136.6894 136.6987 136.7078 136.7168 136.7258 136.7346 136.7434 136.7521 136.7608 136.7898 136.7943 136.7988 136.8032 136.8077 136.8122 136.8168 136.8231 136.8287 136.8344
136.4989 136.5177 136.5359 136.5535 136.597 136.4594 136.474 136.4881 136.5018 136.5149 136.5275 136.5397 136.5514 136.3539 136.3667 136.2984 136.3125 136.3262 136.3396 136.3528 136.3655 136.378 136.3902 136.4021 136.4137 136.4251 136.4361 136.4611 136.4729 136.4845 136.4958 136.5069 136.5211 136.5322 136.543 136.5537 136.5641 136.5743 136.5843 136.5941 136.6038 136.6132 136.6226 136.6317 136.6408 136.6497 136.6584 136.6671 136.6757 136.6842 136.6927 136.7011 136.7094 136.7366 136.7407 136.7447 136.7487 136.7528 136.7569 136.761 136.7669 136.7721 136.7774
136.4687 136.4872 136.5051 136.5224 136.5391 136.5825 136.4427 136.4565 136.4698 136.4826 136.4949 136.5067 136.518 136.5288 136.3298 136.3419 136.2739 136.2873 136.3004 136.3132 136.3257 136.3379 136.3498 136.3613 136.3726 136.3836 136.3943 136.4047 136.4291 136.4404 136.4514 136.4649 136.4759 136.4867 136.4973 136.5076 136.5177 136.5276 136.5373 136.5468 136.5561 136.5652 136.5742 136.583 136.5917 136.6003 136.6087 136.617 136.6253 136.6334 136.6415 136.6496 136.6576 136.6829 136.6865 136.69 136.6936 136.6973 136.7009 136.7047 136.7101 136.7149 136.7198
136.4383 136.4566 136.4742 136.4913 136.5077 136.5235 136.5666 136.4247 136.4377 136.4501 136.4621 136.4736 136.4845 136.495 136.5049 136.3046 136.2351 136.2482 136.261 136.2735 136.2857 136.2976 136.3091 136.3204 136.3313 136.342 136.3523 136.3624 136.3722 136.396 136.4087 136.4197 136.4305 136.4409 136.4512 136.4612 136.471 136.4806 136.4899 136.4991 136.508 136.5168 136.5255 136.5339 136.5422 136.5504 136.5585 136.5665 136.5744 136.5822 136.5899 136.5976 136.6052 136.6286 136.6317 136.6348 136.638 136.6411 136.6444 136.6484 136.6527 136.6571 136.6616
136.4079 136.4259 136.4433 136.46 136.4761 136.4916 136.5064 136.5494 136.4054 136.4175 136.4292 136.4402 136.4508 136.4609 136.4705 136.4796 136.1962 136.209 136.2216 136.2337 136.2456 136.2571 136.2684 136.2793 136.2899 136.3002 136.3102 136.3199 136.3294 136.3397 136.3635 136.3742 136.3847 136.3949 136.4048 136.4145 136.424 136.4332 136.4422 136.451 136.4596 136.4681 136.4763 136.4844 136.4924 136.5002 136.5079 136.5155 136.523 136.5305 136.5378 136.5452 136.5524 136.5738 136.5764 136.5791 136.5817 136.5844 136.5872 136.5907 136.5946 136.5986 136.6028
136.1018 136.3952 136.4122 136.4287 136.4445 136.4597 136.4742 136.4881 136.5308 136.3848 136.3961 136.4068 136.417 136.4267 136.4359 136.4446 136.3934 136.1698 136.182 136.1938 136.2054 136.2166 136.2275 136.2381 136.2483 136.2583 136.2679 136.2773 136.2867 136.2973 136.3065 136.3285 136.3386 136.3485 136.3581 136.3675 136.3766 136.3855 136.3942 136.4026 136.4109 136.419 136.4269 136.4346 136.4422 136.4497 136.457 136.4642 136.4713 136.4784 136.4854 136.4923 136.4993 136.5185 136.5206 136.5228 136.5249 136.5272 136.5295 136.5326 136.536 136.5396 136.5433
136.0676 135.9752 136.3811 136.3972 136.4128 136.4276 136.4418 136.4554 136.4683 136.5108 136.3628 136.3732 136.383 136.3923 136.4012 136.4095 136.3576 136.3665 136.1423 136.1538 136.165 136.1759 136.1865 136.1967 136.2066 136.2162 136.2256 136.2339 136.2445 136.2536 136.2625 136.2711 136.2923 136.3018 136.3111 136.3202 136.329 136.3375 136.3458 136.3539 136.3618 136.3696 136.3771 136.3845 136.3917 136.3987 136.4057 136.4125 136.4193 136.4259 136.4326 136.4391 136.4457 136.4626 136.4643 136.4659 136.4677 136.4694 136.4713 136.4738 136.4769 136.48 136.4833
136.0333 136.0532 135.9611 136.3657 136.3809 136.3955 136.4094 136.4226 136.4352 136.4471 136.4893 136.3394 136.3489 136.3578 136.3663 136.3742 136.3816 136.3302 136.3383 136.1137 136.1246 136.1352 136.1454 136.1553 136.1649 136.1741 136.1813 136.1919 136.201 136.2099 136.2184 136.2266 136.2346 136.2549 136.2639 136.2726 136.2811 136.2893 136.2972 136.305 136.3125 136.3199 136.327 136.334 136.3408 136.3475 136.3541 136.3605 136.3669 136.3732 136.3794 136.3855 136.3917 136.4064 136.4075 136.4086 136.4099 136.4111 136.4125 136.4146 136.4171 136.4198 136.4227
135.9987 136.0184 135.9249 135.9461 136.3491 136.3633 136.3769 136.3898 136.402 136.4136 136.4245 136.4664 136.3147 136.3232 136.3312 136.3387 136.3457 136.2937 136.3014 136.3086 136.0842 136.0944 136.1042 136.1138 136.123 136.129 136.1396 136.1487 136.1575 136.166 136.1742 136.182 136.1896 136.1969 136.2164 136.2248 136.2329 136.2407 136.2484 136.2557 136.2629 136.2699 136.2767 136.2832 136.2897 136.296 136.3022 136.3082 136.3141 136.32 136.3259 136.3316 136.3374 136.3496 136.3502 136.3509 136.3516 136.3524 136.3529 136.3548 136.3569 136.3592 136.3616
135.964 135.9834 135.8884 135.9095 135.9302 136.331 136.3443 136.3569 136.3688 136.38 136.3905 136.4004 136.442 136.2884 136.2961 136.3032 136.3097 136.2571 136.2644 136.2713 136.2776 136.0535 136.063 136.0723 136.0769 136.0876 136.0967 136.1055 136.1139 136.122 136.1299 136.1374 136.1446 136.1515 136.1581 136.1767 136.1845 136.192 136.1992 136.2063 136.2131 136.2197 136.226 136.2322 136.2383 136.2442 136.2499 136.2556 136.2611 136.2666 136.272 136.2774 136.2828 136.2924 136.2925 136.2926 136.2928 136.2931 136.2931 136.2946 136.2962 136.298 136.3
135.929 135.9483 135.9672 135.8727 135.8933 136.2388 136.3116 136.3239 136.3355 136.3463 136.3565 136.366 136.3748 136.416 136.2608 136.2674 136.2736 136.2204 136.2273 136.2338 136.2397 136.2451 136.0218 136.025 136.0358 136.0449 136.0536 136.0621 136.0702 136.078 136.0855 136.0926 136.0994 136.106 136.1122 136.1182 136.1359 136.143 136.1499 136.1566 136.163 136.1692 136.1752 136.181 136.1866 136.1921 136.1975 136.2027 136.2079 136.2129 136.2179 136.2229 136.2278 136.2348 136.2344 136.234 136.2336 136.2334 136.2329 136.2338 136.235 136.2363 136.2379
