data/raw_data/rasters/lyr2_botm.txt
ncols         742
nrows         576
xllcorner     426899.09953807
yllcorner     6654705.5814418
cellsize      1
NODATA_value  -9999
[rows 504 to 531 of 576, columns 630 to 692 of 742]
142.5698 142.5634 142.5559 142.5472 142.4149 142.3835 142.37 142.3555 142.3399 142.3232 142.3056 142.287 142.2674 141.8928 141.8696 141.8456 141.8206 141.7948 141.7681 141.7406 141.7122 141.6831 141.6532 141.6225 141.5911 141.559 141.5262 141.4926 141.4584 141.4236 142.6689 142.6411 142.6125 142.5833 142.5535 142.5231 142.4921 142.4606 142.4285 142.1105 142.0759 142.0408 142.0052 141.9692 141.9328 141.8959 141.8587 141.7135 141.6744 141.6351 141.5954 141.5554 141.5151 141.4746 141.4338 141.3929 141.3516 140.6555 140.6093 140.5629 140.5163 140.4697 140.423
142.5188 142.5123 142.5048 142.4962 142.4865 142.3504 142.3176 142.3031 142.2876 142.2711 142.2536 142.2351 142.2157 142.1953 141.8134 141.7896 141.7648 141.7392 141.7127 141.6854 141.6573 141.6284 141.5988 141.5683 141.5372 141.5053 141.4728 141.4396 141.4057 141.3711 141.336 142.5982 142.5699 142.5409 142.5114 142.4812 142.4504 142.4191 142.1018 142.0679 142.0336 141.9987 141.9634 141.9277 141.8916 141.855 141.8181 141.6728 141.634 141.595 141.5556 141.5159 141.476 141.4358 141.3954 141.3547 141.3138 140.6149 140.569 140.523 140.4769 140.4306 140.3843
142.4674 142.4609 142.4534 142.4448 142.4351 142.4243 142.2845 142.2504 142.235 142.2186 142.2012 142.1829 142.1636 142.1434 141.757 141.7333 141.7087 141.6833 141.657 141.63 141.6021 141.5734 141.544 141.5139 141.483 141.4514 141.4192 141.3862 141.3526 141.3184 141.2836 141.2481 142.527 142.4982 142.4689 142.4389 142.4084 142.0917 142.0586 142.025 141.9909 141.9564 141.9214 141.8859 141.8501 141.8139 141.6698 141.6317 141.5933 141.5546 141.5155 141.4762 141.4366 141.3967 141.3566 141.3163 141.2757 140.5741 140.5285 140.4829 140.4371 140.3913 140.3453
142.4156 142.4092 142.4017 142.3931 142.3834 142.3727 142.3609 142.2175 142.1821 142.1658 142.1485 142.1303 142.1112 142.0911 142.0701 141.6767 141.6523 141.6271 141.6011 141.5742 141.5466 141.5182 141.489 141.4592 141.4285 141.3972 141.3653 141.3326 141.2993 141.2654 141.2309 141.1958 141.1601 142.4552 142.4261 142.3964 142.0802 142.0479 142.0151 141.9818 141.948 141.9137 141.879 141.8439 141.8083 141.7724 141.6282 141.5905 141.5524 141.5139 141.4752 141.4362 141.3969 141.3574 141.3176 141.2776 141.2374 140.5329 140.4878 140.4425 140.3972 140.3517 140.3061
142.3636 142.3571 142.3496 142.341 142.3313 142.3207 142.3089 142.2962 142.1493 142.1127 142.0955 142.0774 142.0584 142.0385 142.0177 141.6198 141.5957 141.5707 141.5448 141.5182 141.4908 141.4627 141.4338 141.4042 141.3738 141.3428 141.3111 141.2788 141.2458 141.2122 141.178 141.1432 141.1078 141.0719 142.3829 142.0674 142.0359 142.0038 141.9713 141.9383 141.9048 141.8708 141.8364 141.8016 141.7663 141.7307 141.5864 141.5489 141.5111 141.473 141.4346 141.396 141.357 141.3178 141.2784 141.2387 141.1988 140.4916 140.4469 140.402 140.357 140.3119 140.2667
142.3112 142.3047 142.2972 142.2886 142.279 142.2684 142.2567 142.244 142.2304 142.08 142.0422 142.0243 142.0054 141.9857 141.965 141.9435 141.5388 141.514 141.4884 141.462 141.4349 141.407 141.3783 141.349 141.3189 141.2882 141.2568 141.2247 141.192 141.1588 141.1249 141.0904 141.0554 141.0198 140.9837 142.0225 141.9912 141.9595 141.9272 141.8945 141.8613 141.8276 141.7935 141.759 141.724 141.5811 141.5443 141.5071 141.4697 141.4319 141.3938 141.3555 141.3169 141.278 141.2389 141.1996 141.1601 140.4501 140.4057 140.3612 140.6426 140.5993 140.5558
142.2585 142.2521 142.2446 142.236 142.2264 142.2158 142.2042 142.1916 142.1781 142.1636 142.0098 141.9708 141.9521 141.9325 141.9121 141.8907 141.4817 141.4571 141.4318 141.4056 141.3787 141.3511 141.3227 141.2936 141.2638 141.2333 141.2022 141.1705 141.1381 141.1051 141.0716 141.0374 141.0027 140.9675 140.9318 140.8955 141.9464 141.9149 141.8829 141.8505 141.8176 141.7842 141.7504 141.7162 141.6815 141.5384 141.5019 141.4651 141.428 141.3905 141.3528 141.3148 141.2765 141.238 141.1992 141.1603 141.1211 140.4084 140.6909 140.6482 140.6053 140.5623 140.5193
142.2056 142.1991 142.1916 142.1831 142.1735 142.163 142.1514 142.1389 142.1255 142.111 142.0957 141.9386 141.8986 141.8792 141.8589 141.8377 141.8158 141.4001 141.3749 141.349 141.3223 141.2949 141.2668 141.238 141.2085 141.1783 141.1475 141.1161 141.084 141.0513 141.0181 140.9843 140.9499 140.915 140.8796 140.8438 141.9013 141.8701 141.8384 141.8062 141.7736 141.7405 141.707 141.6731 141.5314 141.4956 141.4594 141.4229 141.3861 141.349 141.3116 141.2739 141.236 141.1978 141.1594 141.4205 141.3827 140.6949 140.6527 140.6103 140.5677 140.5251 140.4825
142.7476 142.146 142.1385 142.1299 142.1204 142.1099 142.0984 142.086 142.0726 142.0583 142.0431 142.0269 141.8666 141.8256 141.8055 141.7845 141.7627 141.3429 141.3179 141.2923 141.2658 141.2387 141.2108 141.1823 141.153 141.1231 141.0926 141.0615 141.0297 140.9974 140.9644 140.931 140.8969 140.8624 140.8273 141.8864 141.856 141.8251 141.7937 141.7618 141.7295 141.6967 141.6635 141.6299 141.488 141.4525 141.4167 141.3805 141.344 141.3073 141.2702 141.2328 141.4952 141.4584 141.4213 141.3841 141.3466 140.6561 140.6142 140.5721 140.53 140.4878 140.4455
141.7862 141.7771 142.0851 142.0766 142.0671 142.0566 142.0452 142.0329 142.0196 142.0054 141.9902 141.9742 141.9573 141.7939 141.7518 141.7311 141.7095 141.6871 141.2608 141.2353 141.2092 141.1823 141.1546 141.1264 141.0974 141.0678 141.0376 141.0067 140.9753 140.9433 140.9107 140.8775 140.8438 140.8096 141.8702 141.8406 141.8105 141.7798 141.7487 141.7171 141.6851 141.6526 141.6198 141.5864 141.4444 141.4092 141.3737 141.3379 141.3018 141.5657 141.5299 141.4939 141.4576 141.4211 141.3844 141.3475 141.3104 140.617 140.5755 140.5338 140.4921 140.4503 140.4083
141.7296 141.7205 141.7104 142.023 142.0136 142.0032 141.9918 141.9795 141.9663 141.9522 141.9372 141.9213 141.9045 141.8869 141.7204 141.6774 141.6561 141.6339 141.2035 141.1783 141.1523 141.1257 141.0984 141.0704 141.0417 141.0124 140.9824 140.9519 140.9207 140.889 140.8568 140.8239 140.7906 141.8527 141.8239 141.7946 141.7648 141.7344 141.7036 141.6723 141.6406 141.6084 141.5758 141.4351 141.4007 141.3658 141.6315 141.5969 141.5621 141.5269 141.4915 141.4558 141.4199 141.3837 141.3473 141.3107 141.274 140.5778 140.5366 140.4954 140.454 140.4126 140.371
141.6728 141.6637 141.6537 141.6427 141.9599 141.9495 141.9382 141.926 141.9129 141.8989 141.884 141.8682 141.8516 141.8341 141.8159 141.6464 141.6025 141.5805 141.5578 141.1211 141.0954 141.069 141.042 141.0142 140.9858 140.9568 140.9272 140.8969 140.8661 140.8347 140.8027 140.7703 140.7373 141.806 141.7775 141.7485 141.7189 141.6888 141.6583 141.6273 141.5959 141.564 141.5318 141.6923 141.659 141.6255 141.5915 141.5573 141.5228 141.488 141.4529 141.4175 141.3819 141.3461 141.31 141.2738 141.2374 140.5384 140.4976 140.4567 140.4158 140.3747 140.3335
141.6158 141.6068 141.5968 141.5859 141.574 141.8957 141.8845 141.8723 141.8593 141.8454 141.8306 141.815 141.7985 141.7812 141.7631 141.7441 141.5717 141.527 141.5045 141.0639 141.0384 141.0123 140.9855 140.958 140.9299 140.9012 140.8718 140.8419 140.8114 140.7803 140.7487 140.7165 141.7869 141.7592 141.7309 141.7021 141.6729 141.6431 141.6129 141.5822 141.8486 141.8179 141.6838 141.6512 141.6183 141.585 141.5514 141.5175 141.4833 141.4488 141.4141 141.3791 141.3438 141.3083 141.2726 141.2367 141.2006 140.4988 140.4584 140.418 140.3774 140.3367 140.2959
141.5588 141.5498 141.5398 141.5289 141.5172 141.5045 141.8306 141.8185 141.8056 141.7918 141.7771 141.7616 141.7453 141.7281 141.7101 141.6914 141.6718 141.4966 141.4511 141.4281 140.9814 140.9555 140.9289 140.9017 140.8739 140.8455 140.8164 140.7868 140.7566 140.7258 140.6945 141.7666 141.7397 141.7122 141.6842 141.6557 141.9243 141.8956 141.8665 141.8369 141.8069 141.7765 141.6422 141.61 141.5774 141.5444 141.5112 141.4776 141.4437 141.4096 141.3751 141.3405 141.3055 141.2704 141.235 141.1995 140.4989 140.4591 140.4191 140.379 140.3389 140.2986 140.2582
141.5016 141.4926 141.4827 141.4719 141.4602 141.4476 141.4341 141.7646 141.7518 141.738 141.7235 141.7081 141.6919 141.6749 141.6571 141.6385 141.6191 141.599 141.4211 141.3747 140.9242 140.8986 140.8723 140.8454 140.8178 140.7897 140.7609 140.7316 140.7017 140.6713 141.745 141.7189 141.6923 141.9636 141.9367 141.9092 141.8813 141.8529 141.8241 141.7948 141.7651 141.7349 141.6005 141.5686 141.5363 141.5037 141.4707 141.4375 141.404 141.3701 141.336 141.3017 141.2671 141.2323 141.1973 141.1621 140.4588 140.4193 140.3797 140.34 140.3002 140.2603 140.2203
141.4444 141.4354 141.4255 141.4147 141.4031 141.3905 141.3772 141.3629 141.6978 141.6842 141.6698 141.6545 141.6384 141.6216 141.6039 141.5855 141.5663 141.5464 141.5258 141.3452 141.2981 140.8417 140.8157 140.789 140.7617 140.7339 140.7054 140.6764 140.6468 142.021 141.9965 141.9714 141.9458 141.9196 141.893 141.8658 141.8382 141.8101 141.7815 141.7525 141.7231 141.59 141.5587 141.5271 141.4951 141.4628 141.4302 141.3973 141.3641 141.3306 141.2968 141.2628 141.2286 141.1941 141.1595 141.1246 140.4184 140.3794 140.3402 140.3009 140.2614 140.2219 140.1823
141.3871 141.3781 141.3683 141.3575 141.3459 141.3335 141.3202 141.3061 141.2911 141.6303 141.616 141.6008 141.5849 141.5682 141.5507 141.5325 141.5135 141.4938 141.4733 141.4522 141.269 140.7847 140.759 140.7326 140.95 140.923 140.8954 140.8673 141.9996 141.9759 141.9516 141.9268 141.9014 141.8755 141.8492 141.8223 141.7949 141.7671 141.7388 141.7101 141.681 141.5477 141.5168 141.4855 141.4538 141.4218 141.3895 141.3569 141.3241 141.2909 141.2575 141.2238 141.1899 141.1558 141.1215 141.087 140.378 140.3393 140.3006 140.2616 140.2226 140.1835 140.1443
141.3297 141.3208 141.311 141.3003 141.2888 141.2764 141.2632 141.2492 141.2343 141.2187 141.5621 141.5471 141.5313 141.5147 141.4974 141.4793 141.4605 141.441 141.4208 141.3999 141.3783 141.1926 140.9482 140.9227 140.8965 140.8699 140.8426 141.977 141.9541 141.9306 141.9066 141.882 141.8569 141.8313 141.8052 141.7786 141.7515 141.724 141.696 141.6676 141.5356 141.5053 141.4747 141.4437 141.4124 141.3807 141.3488 141.3165 141.284 141.2511 141.218 141.1847 141.1512 141.1174 141.0834 141.0493 140.3375 140.2992 140.2608 140.2223 140.1837 140.145 140.1062
141.2723 141.2634 141.2536 141.243 141.2316 141.2193 141.2062 141.1923 141.1775 141.162 141.1457 141.4933 141.4776 141.4612 141.444 141.4261 141.4075 141.3882 141.3682 141.3475 141.3261 141.3041 140.8942 140.8689 140.8431 140.8167 141.9533 141.9312 141.9085 141.8853 141.8615 141.8372 141.8124 141.787 141.7612 141.7348 141.708 141.6808 141.6531 141.625 141.4928 141.4628 141.4325 141.4019 141.3709 141.3395 141.3079 141.276 141.2438 141.2113 141.1785 141.1456 141.1123 141.0789 141.0453 141.0115 140.2969 140.259 140.221 140.1829 140.1447 140.1064 140.0679
141.2149 141.206 141.1963 141.1858 141.1744 141.1622 141.1491 141.1353 141.1207 141.1053 141.0892 141.0723 141.4239 141.4077 141.3907 141.3729 141.3545 141.3354 141.3155 141.295 141.2739 141.2521 141.2296 140.8152 140.7896 141.9284 141.9072 141.8853 141.8629 141.8399 141.8164 141.7923 141.7677 141.7426 141.717 141.691 141.6644 141.6375 141.6101 141.4792 141.4499 141.4203 141.3903 141.36 141.3293 141.2983 141.267 141.2354 141.2035 141.1713 141.1389 141.1063 141.0734 141.0403 141.0071 140.9736 140.2563 140.2188 140.1812 140.1434 140.1056 140.0677 140.0297
142.1801 141.1487 141.139 141.1285 141.1172 141.105 141.0921 141.0784 141.0639 141.0487 141.0327 141.0159 140.9984 141.3541 141.3373 141.3197 141.3015 141.2825 141.2629 141.2426 141.2217 141.2001 141.1779 140.7615 141.9025 141.882 141.861 141.8394 141.8172 141.7944 141.7711 141.7473 141.723 141.6981 141.6728 141.647 141.6208 141.5941 141.567 141.436 141.407 141.3777 141.348 141.318 141.2876 141.2569 141.2259 141.1947 141.1631 141.1313 141.0993 141.067 141.0345 141.0017 140.9688 140.9357 140.2156 140.1785 140.1413 140.1039 140.0665 140.029 139.9914
142.1313 142.129 141.0817 141.0712 141.06 141.0479 141.0351 141.0215 141.0071 140.992 140.9762 140.9596 140.9423 140.9242 141.2839 141.2665 141.2484 141.2297 141.2102 141.1902 141.1694 141.1481 140.7322 141.8754 141.8558 141.8356 141.8147 141.7933 141.7714 141.7489 141.7258 141.7023 141.6782 141.6536 141.6286 141.6031 141.5771 141.5507 141.4209 141.3927 141.364 141.335 141.3056 141.2759 141.2459 141.2155 141.1849 141.1539 141.1227 141.0913 141.0595 141.0276 140.9954 140.963 140.9305 140.8977 140.1748 140.1381 140.1013 140.0644 140.0273 139.9902 139.953
142.0826 142.0802 142.0769 141.014 141.0028 140.9909 140.9781 140.9646 140.9504 140.9354 140.9197 140.9033 140.8861 140.8683 140.8497 141.2133 141.1954 141.1768 141.1576 141.1377 141.1172 140.7018 141.8473 141.8285 141.8091 141.7891 141.7684 141.7473 141.7255 141.7033 141.6805 141.6572 141.6333 141.609 141.5843 141.559 141.5334 141.5072 141.3773 141.3493 141.321 141.2923 141.2632 141.2338 141.2041 141.1741 141.1438 141.1132 141.0823 141.0511 141.0198 140.9882 140.9563 140.9243 140.8921 140.8597 140.1341 140.0978 140.0613 140.0248 139.9882 139.9514 139.9146
142.0338 142.0313 142.028 142.0238 140.9458 140.9339 140.9212 140.9079 140.8937 140.8789 140.8633 140.847 140.83 140.8124 140.794 140.775 141.1424 141.124 141.105 141.0853 140.6704 141.8182 141.8002 141.7816 141.7623 141.7425 141.7221 141.7012 141.6797 141.6576 141.6351 141.612 141.5885 141.5644 141.5399 141.515 141.4896 141.3609 141.3336 141.306 141.2779 141.2495 141.2208 141.1917 141.1623 141.1326 141.1026 141.0724 141.0418 141.011 140.98 140.9487 140.9173 140.8856 140.8537 140.129 140.0933 140.0574 140.0213 139.9852 139.949 139.9126 139.8762
141.9849 141.9824 141.9791 141.9749 141.9699 140.8769 140.8644 140.8511 140.8371 140.8224 140.807 140.7908 140.774 140.7565 140.7384 140.7196 140.7001 141.0713 141.0524 140.638 141.7881 141.7709 141.7531 141.7346 141.7156 141.696 141.6758 141.6551 141.6338 141.612 141.5897 141.5669 141.5436 141.5198 141.4956 141.4709 141.4458 141.3169 141.2899 141.2626 141.2348 141.2068 141.1783 141.1496 141.1205 141.0911 141.0615 141.0315 141.0013 140.9709 140.9402 140.9093 140.8781 140.8468 140.8153 140.0878 140.0525 140.017 139.9813 139.9456 139.9098 139.8738 139.8378
141.9361 141.9335 141.9301 141.926 141.921 141.9152 140.8076 140.7945 140.7806 140.766 140.7507 140.7347 140.7181 140.7008 140.6828 140.6642 140.6449 140.6251 140.6046 141.757 141.7406 141.7236 141.7059 141.6877 141.6688 141.6494 141.6295 141.609 141.5879 141.5664 141.5443 141.5217 141.4987 141.4752 141.4512 141.4268 141.2993 141.2729 141.2463 141.2192 141.1918 141.164 141.1359 141.1075 141.0787 141.0497 141.0203 140.9907 140.9608 140.9307 140.9004 140.8698 140.839 140.808 140.7769 140.0467 140.0117 139.9766 139.9413 139.906 139.8706 139.835 140.2166
141.8873 141.8846 141.8812 141.877 141.872 141.8663 141.8598 140.7379 140.7242 140.7097 140.6946 140.6787 140.6622 140.6451 140.6273 140.6089 140.5899 140.5702 141.725 141.7093 141.6931 141.6762 141.6588 141.6407 141.6221 141.6029 141.5831 141.5629 141.5421 141.5207 141.4989 141.4766 141.4538 141.4306 141.4069 141.3827 141.255 141.229 141.2026 141.1758 141.1487 141.1212 141.0934 141.0653 141.0369 141.0082 140.9792 140.9499 140.9203 140.8906 140.8606 140.8303 140.7999 140.7693 140.7384 140.0055 139.9709 139.9362 139.9014 139.8664 140.2495 140.2158 140.1821
141.8385 141.8358 141.8324 141.8281 141.8231 141.8174 141.8109 141.8036 140.6678 140.6535 140.6385 140.6229 140.6065 140.5896 140.572 140.5538 140.5349 141.692 141.6772 141.6617 141.6456 141.6289 141.6116 141.5938 141.5754 141.5564 141.5368 141.5168 141.4962 141.4751 141.4535 141.4315 141.409 141.386 141.3625 141.2361 141.2107 141.185 141.1589 141.1325 141.1057 141.0785 141.051 141.0232 140.9951 140.9667 140.938 140.9091 140.8799 140.8504 140.8208 140.7909 140.7608 140.7305 140.7 139.9643 139.9301 139.8958 139.8614 140.2474 140.2141 140.1808 140.1475
