data/raw_data/rasters/lyr2_botm.txt
ncols         742
nrows         576
xllcorner     426899.09953807
yllcorner     6654705.5814418
cellsize      1
NODATA_value  -9999
[rows 56 to 83 of 576, columns 63 to 125 of 742]
125.597 125.5971 125.5973 125.5975 125.5976 125.5978 125.598 125.5982 125.5984 125.5986 125.5988 125.599 125.5992 125.5994 125.5996 125.5999 125.6001 125.6003 125.6006 125.6009 125.6012 125.6014 125.6017 125.6021 125.6024 127.6356 127.6354 127.6352 127.635 127.6349 127.6349 127.6348 127.6348 127.6349 127.635 127.6351 127.6353 127.6355 127.6358 127.6361 127.6365 127.6369 127.6374 127.6379 127.6385 127.6391 127.6398 127.6405 127.6413 127.6422 127.6431 127.6441 127.6451 127.6463 127.6474 127.6487 127.65 127.6514 127.6528 127.6543 127.6559 127.6576 127.6594
125.5977 125.5979 125.5981 125.5982 125.5984 125.5985 125.5987 125.5989 125.5991 125.5993 125.5994 125.5996 125.5998 125.6001 125.6003 125.6005 125.6007 125.601 125.6012 125.6015 125.6017 125.602 125.6023 125.6026 125.6029 125.6032 127.6298 127.6296 127.6294 127.6292 127.6291 127.629 127.629 127.629 127.629 127.6291 127.6293 127.6294 127.6297 127.6299 127.6302 127.6306 127.631 127.6315 127.632 127.6326 127.6332 127.6339 127.6347 127.6355 127.6364 127.6373 127.6383 127.6393 127.6404 127.6416 127.6429 127.6442 127.6456 127.6471 127.6486 127.6502 127.6519
125.5985 125.5987 125.5988 125.599 125.5991 125.5993 125.5994 125.5996 125.5998 125.6 125.6001 125.6003 125.6005 125.6007 125.6009 125.6011 125.6013 125.6016 125.6018 125.602 125.6023 125.6026 125.6028 125.6031 125.6034 125.6037 125.6041 127.6239 127.6236 127.6234 127.6233 127.6231 127.623 127.623 127.623 127.623 127.6231 127.6232 127.6234 127.6236 127.6239 127.6242 127.6246 127.625 127.6255 127.626 127.6266 127.6272 127.6279 127.6287 127.6295 127.6304 127.6313 127.6323 127.6333 127.6345 127.6357 127.6369 127.6383 127.6397 127.6411 127.6427 127.6443
125.5993 125.5995 125.5996 125.5997 125.5999 125.6 125.6002 125.6003 125.6005 125.6007 125.6008 125.601 125.6012 125.6014 125.6016 125.6018 125.602 125.6022 125.6024 125.6026 125.6029 125.6031 125.6034 125.6037 125.6039 125.6042 125.6045 125.6049 127.6178 127.6175 127.6173 127.6171 127.617 127.6169 127.6169 127.6169 127.6169 127.617 127.6171 127.6173 127.6175 127.6177 127.6181 127.6184 127.6188 127.6193 127.6198 127.6204 127.6211 127.6217 127.6225 127.6233 127.6242 127.6251 127.6261 127.6272 127.6283 127.6295 127.6308 127.6322 127.6336 127.6351 127.6366
125.6001 125.6003 125.6004 125.6005 125.6006 125.6008 125.6009 125.6011 125.6012 125.6014 125.6015 125.6017 125.6019 125.602 125.6022 125.6024 125.6026 125.6028 125.603 125.6032 125.6034 125.6037 125.6039 125.6042 125.6044 125.6047 125.605 125.6053 125.6057 127.6115 127.6113 127.6111 127.6109 127.6107 127.6106 127.6106 127.6106 127.6106 127.6107 127.6108 127.6109 127.6112 127.6114 127.6117 127.6121 127.6125 127.613 127.6135 127.6141 127.6147 127.6154 127.6162 127.617 127.6179 127.6188 127.6198 127.6209 127.6221 127.6233 127.6245 127.6259 127.6273 127.6288
125.6009 125.601 125.6012 125.6013 125.6014 125.6015 125.6017 125.6018 125.6019 125.6021 125.6022 125.6024 125.6025 125.6027 125.6029 125.603 125.6032 125.6034 125.6036 125.6038 125.604 125.6042 125.6045 125.6047 125.6049 125.6052 125.6055 125.6058 125.6061 125.6064 127.6052 127.6049 127.6047 127.6045 127.6043 127.6042 127.6041 127.6041 127.6041 127.6042 127.6043 127.6045 127.6047 127.6049 127.6052 127.6056 127.606 127.6065 127.607 127.6076 127.6082 127.6089 127.6097 127.6105 127.6114 127.6124 127.6134 127.6144 127.6156 127.6168 127.6181 127.6195 127.6209
125.6017 125.6019 125.602 125.6021 125.6022 125.6023 125.6024 125.6025 125.6027 125.6028 125.6029 125.6031 125.6032 125.6033 125.6035 125.6037 125.6038 125.604 125.6042 125.6044 125.6046 125.6048 125.605 125.6052 125.6055 125.6057 125.606 125.6063 125.6065 125.6069 125.6072 127.5986 127.5983 127.5981 127.5979 127.5977 127.5976 127.5975 127.5975 127.5975 127.5976 127.5977 127.5978 127.598 127.5983 127.5986 127.599 127.5994 127.5998 127.6004 127.601 127.6016 127.6023 127.6031 127.6039 127.6048 127.6057 127.6067 127.6078 127.609 127.6102 127.6115 127.6129
125.6026 125.6027 125.6028 125.6029 125.603 125.6031 125.6032 125.6033 125.6034 125.6035 125.6036 125.6038 125.6039 125.604 125.6041 125.6043 125.6044 125.6046 125.6048 125.6049 125.6051 125.6053 125.6055 125.6057 125.6059 125.6062 125.6064 125.6067 125.607 125.6073 125.6076 125.6079 127.5919 127.5916 127.5914 127.5912 127.591 127.5909 127.5908 127.5907 127.5908 127.5908 127.5909 127.591 127.5912 127.5915 127.5918 127.5922 127.5926 127.593 127.5936 127.5941 127.5948 127.5955 127.5962 127.5971 127.598 127.5989 127.5999 127.601 127.6022 127.6034 127.6047
125.6034 125.6035 125.6036 125.6037 125.6038 125.6039 125.6039 125.604 125.6041 125.6042 125.6043 125.6045 125.6046 125.6047 125.6048 125.6049 125.6051 125.6052 125.6054 125.6055 125.6057 125.6059 125.606 125.6062 125.6064 125.6067 125.6069 125.6071 125.6074 125.6077 125.608 125.6083 125.6086 127.5851 127.5848 127.5845 127.5843 127.5841 127.584 127.5839 127.5838 127.5838 127.5839 127.584 127.5841 127.5843 127.5845 127.5848 127.5852 127.5856 127.5861 127.5866 127.5872 127.5878 127.5885 127.5892 127.5901 127.591 127.5919 127.593 127.5941 127.5952 127.5965
125.6042 125.6043 125.6044 125.6045 125.6045 125.6046 125.6047 125.6048 125.6049 125.605 125.6051 125.6051 125.6052 125.6054 125.6055 125.6056 125.6057 125.6058 125.6059 125.6061 125.6062 125.6064 125.6066 125.6068 125.6069 125.6071 125.6074 125.6076 125.6078 125.6081 125.6084 125.6086 125.6089 125.6093 127.5781 127.5778 127.5775 127.5772 127.577 127.5769 127.5768 127.5767 127.5767 127.5768 127.5768 127.577 127.5772 127.5774 127.5777 127.578 127.5784 127.5789 127.5794 127.58 127.5806 127.5813 127.5821 127.5829 127.5838 127.5848 127.5858 127.5869 127.5881
125.6051 125.6051 125.6052 125.6053 125.6053 125.6054 125.6055 125.6055 125.6056 125.6057 125.6058 125.6059 125.6059 125.606 125.6061 125.6062 125.6063 125.6064 125.6065 125.6067 125.6068 125.6069 125.6071 125.6073 125.6074 125.6076 125.6078 125.608 125.6082 125.6085 125.6087 125.609 125.6093 125.6096 125.6099 127.5709 127.5706 127.5703 127.57 127.5698 127.5697 127.5695 127.5695 127.5695 127.5695 127.5696 127.5697 127.5699 127.5701 127.5704 127.5707 127.5711 127.5716 127.5721 127.5727 127.5733 127.574 127.5748 127.5756 127.5765 127.5774 127.5785 127.5796
125.6059 125.606 125.606 125.6061 125.6061 125.6062 125.6063 125.6063 125.6064 125.6064 125.6065 125.6066 125.6066 125.6067 125.6068 125.6068 125.6069 125.607 125.6071 125.6072 125.6074 125.6075 125.6076 125.6077 125.6079 125.6081 125.6082 125.6084 125.6086 125.6089 125.6091 125.6093 125.6096 125.6099 125.6102 125.6105 127.5636 127.5632 127.5629 127.5626 127.5624 127.5623 127.5621 127.562 127.562 127.562 127.5621 127.5622 127.5624 127.5626 127.5629 127.5632 127.5636 127.5641 127.5646 127.5652 127.5658 127.5665 127.5672 127.5681 127.569 127.5699 127.571
125.6068 125.6068 125.6069 125.6069 125.6069 125.607 125.607 125.6071 125.6071 125.6072 125.6072 125.6073 125.6073 125.6074 125.6074 125.6075 125.6076 125.6076 125.6077 125.6078 125.6079 125.608 125.6081 125.6082 125.6084 125.6085 125.6087 125.6089 125.609 125.6092 125.6094 125.6097 125.6099 125.6102 125.6105 125.6108 125.6111 127.5561 127.5557 127.5554 127.5551 127.5549 127.5547 127.5545 127.5545 127.5544 127.5544 127.5545 127.5546 127.5547 127.555 127.5552 127.5556 127.5559 127.5564 127.5569 127.5575 127.5581 127.5588 127.5595 127.5604 127.5613 127.5622
125.6076 125.6077 125.6077 125.6077 125.6078 125.6078 125.6078 125.6078 125.6079 125.6079 125.6079 125.608 125.608 125.608 125.6081 125.6081 125.6082 125.6082 125.6083 125.6084 125.6085 125.6085 125.6086 125.6087 125.6089 125.609 125.6091 125.6093 125.6094 125.6096 125.6098 125.61 125.6102 125.6105 125.6107 125.611 125.6113 125.6116 127.5484 127.548 127.5477 127.5474 127.5471 127.5469 127.5468 127.5467 127.5466 127.5466 127.5467 127.5468 127.5469 127.5471 127.5474 127.5477 127.5481 127.5485 127.549 127.5496 127.5502 127.5509 127.5517 127.5525 127.5534
125.6085 125.6085 125.6086 125.6086 125.6086 125.6086 125.6086 125.6086 125.6086 125.6087 125.6087 125.6087 125.6087 125.6087 125.6087 125.6088 125.6088 125.6088 125.6089 125.6089 125.609 125.6091 125.6091 125.6092 125.6093 125.6094 125.6095 125.6097 125.6098 125.61 125.6101 125.6103 125.6105 125.6107 125.611 125.6112 125.6115 125.6118 125.6121 127.5405 127.5401 127.5398 127.5395 127.5392 127.539 127.5388 127.5387 127.5387 127.5386 127.5387 127.5388 127.5389 127.5391 127.5394 127.5397 127.54 127.5405 127.541 127.5415 127.5421 127.5428 127.5436 127.5444
125.6094 125.6094 125.6094 125.6094 125.6094 125.6094 125.6094 125.6094 125.6094 125.6094 125.6094 125.6094 125.6094 125.6094 125.6094 125.6094 125.6094 125.6095 125.6095 125.6095 125.6096 125.6096 125.6096 125.6097 125.6098 125.6099 125.61 125.6101 125.6102 125.6103 125.6105 125.6106 125.6108 125.611 125.6112 125.6114 125.6117 125.612 125.6122 125.6126 127.5325 127.5321 127.5317 127.5314 127.5311 127.5309 127.5307 127.5306 127.5305 127.5305 127.5305 127.5306 127.5307 127.5309 127.5312 127.5315 127.5318 127.5322 127.5327 127.5333 127.3121 127.3129 127.3137
125.6103 125.6103 125.6103 125.6102 125.6102 125.6102 125.6102 125.6102 125.6102 125.6101 125.6101 125.6101 125.6101 125.6101 125.6101 125.6101 125.6101 125.6101 125.6101 125.6101 125.6101 125.6101 125.6101 125.6102 125.6102 125.6103 125.6104 125.6105 125.6105 125.6107 125.6108 125.6109 125.6111 125.6112 125.6114 125.6116 125.6119 125.6121 125.6124 125.6127 125.613 127.5243 127.5238 127.5235 127.5231 127.5228 127.5226 127.5224 127.5223 127.5222 127.5221 127.5221 127.5222 127.5223 127.5225 127.5227 127.523 127.303 127.3035 127.304 127.3046 127.3053 127.306
125.6112 125.6111 125.6111 125.6111 125.6111 125.611 125.611 125.611 125.6109 125.6109 125.6109 125.6108 125.6108 125.6108 125.6107 125.6107 125.6107 125.6107 125.6106 125.6106 125.6106 125.6106 125.6106 125.6107 125.6107 125.6107 125.6108 125.6108 125.6109 125.611 125.6111 125.6112 125.6113 125.6115 125.6116 125.6118 125.612 125.6122 125.6125 125.6127 125.613 125.6133 127.5159 127.5154 127.515 127.5147 127.5144 127.5141 127.5139 127.5138 127.5136 127.5136 127.5136 127.2947 127.2948 127.295 127.2953 127.2956 127.296 127.2964 127.2969 127.2975 127.2982
125.6121 125.612 125.612 125.6119 125.6119 125.6119 125.6118 125.6118 125.6117 125.6116 125.6116 125.6115 125.6115 125.6114 125.6114 125.6113 125.6113 125.6113 125.6112 125.6112 125.6112 125.6111 125.6111 125.6111 125.6111 125.6111 125.6112 125.6112 125.6113 125.6113 125.6114 125.6115 125.6116 125.6117 125.6118 125.612 125.6122 125.6124 125.6126 125.6128 125.6131 125.6133 125.6136 127.5073 127.5068 127.5064 127.5061 127.5057 127.5055 127.5052 127.2877 127.2876 127.2875 127.2875 127.2876 127.2877 127.2878 127.2881 127.2884 127.2887 127.2892 127.2897 127.2903
125.613 125.6129 125.6129 125.6128 125.6127 125.6127 125.6126 125.6125 125.6125 125.6124 125.6123 125.6123 125.6122 125.6121 125.6121 125.612 125.6119 125.6119 125.6118 125.6117 125.6117 125.6117 125.6116 125.6116 125.6116 125.6116 125.6116 125.6116 125.6116 125.6116 125.6117 125.6117 125.6118 125.6119 125.612 125.6121 125.6123 125.6124 125.6126 125.6128 125.6131 125.6133 125.6136 125.6139 127.4985 127.4981 127.4976 127.2816 127.2813 127.2809 127.2807 127.2805 127.2803 127.2802 127.2802 127.2802 127.2803 127.2805 127.2807 127.281 127.2813 127.2817 127.2822
125.6139 125.6138 125.6137 125.6137 125.6136 125.6135 125.6134 125.6133 125.6133 125.6132 125.6131 125.613 125.6129 125.6128 125.6127 125.6126 125.6125 125.6125 125.6124 125.6123 125.6122 125.6122 125.6121 125.6121 125.612 125.612 125.6119 125.6119 125.6119 125.6119 125.612 125.612 125.612 125.6121 125.6122 125.6123 125.6124 125.6125 125.6127 125.6129 125.6131 125.6133 125.6135 125.6138 125.6141 127.2757 127.2752 127.2747 127.2743 127.2739 127.2735 127.2732 127.273 127.2728 127.2727 127.2727 127.2727 127.2727 127.2729 127.2731 127.2733 127.2737 127.2741
125.6148 125.6147 125.6146 125.6145 125.6145 125.6144 125.6143 125.6142 125.614 125.6139 125.6138 125.6137 125.6136 125.6135 125.6134 125.6133 125.6132 125.6131 125.6129 125.6128 125.6128 125.6127 125.6126 125.6125 125.6124 125.6124 125.6123 125.6123 125.6123 125.6122 125.6122 125.6122 125.6123 125.6123 125.6123 125.6124 125.6125 125.6126 125.6127 125.6129 125.6131 125.6133 125.6135 125.6137 125.614 125.6143 127.2683 127.2677 127.2672 127.2667 127.2663 127.2659 127.2656 127.2653 127.2651 127.265 127.2649 127.2649 127.2649 127.265 127.2652 127.2655 127.2658
125.6157 125.6156 125.6155 125.6154 125.6153 125.6152 125.6151 125.615 125.6148 125.6147 125.6146 125.6144 125.6143 125.6142 125.614 125.6139 125.6138 125.6136 125.6135 125.6134 125.6133 125.6132 125.6131 125.6129 125.6129 125.6128 125.6127 125.6126 125.6126 125.6125 125.6125 125.6125 125.6124 125.6125 125.6125 125.6125 125.6126 125.6127 125.6128 125.6129 125.613 125.6132 125.6134 125.6136 125.6138 125.6141 125.6144 127.2606 127.26 127.2594 127.2589 127.2585 127.2581 127.2577 127.2574 127.2572 127.257 127.2569 127.2569 127.2569 127.257 127.2572 127.2574
125.6167 125.6166 125.6164 125.6163 125.6162 125.616 125.6159 125.6158 125.6156 125.6155 125.6153 125.6152 125.615 125.6149 125.6147 125.6145 125.6144 125.6142 125.6141 125.6139 125.6138 125.6137 125.6135 125.6134 125.6133 125.6132 125.613 125.613 125.6129 125.6128 125.6127 125.6127 125.6126 125.6126 125.6126 125.6126 125.6126 125.6127 125.6128 125.6128 125.613 125.6131 125.6132 125.6134 125.6136 125.6139 125.6141 125.6144 127.2527 127.252 127.2514 127.2509 127.2504 127.25 127.2496 127.2493 127.2491 127.2489 127.2487 127.2487 127.2487 127.2488 127.2489
125.6176 125.6175 125.6173 125.6172 125.6171 125.6169 125.6167 125.6166 125.6164 125.6162 125.6161 125.6159 125.6157 125.6155 125.6154 125.6152 125.615 125.6148 125.6146 125.6145 125.6143 125.6141 125.614 125.6138 125.6137 125.6135 125.6134 125.6133 125.6132 125.6131 125.613 125.6129 125.6128 125.6128 125.6127 125.6127 125.6127 125.6127 125.6127 125.6128 125.6129 125.613 125.6131 125.6132 125.6134 125.6136 125.6139 125.6141 125.6144 127.2445 127.2439 127.2432 127.2427 127.2422 127.2417 127.2413 127.241 127.2407 127.2405 127.2403 127.2402 127.2402 127.2403
125.6186 125.6184 125.6183 125.6181 125.6179 125.6178 125.6176 125.6174 125.6172 125.617 125.6168 125.6166 125.6164 125.6162 125.616 125.6158 125.6156 125.6154 125.6152 125.615 125.6148 125.6146 125.6144 125.6143 125.6141 125.6139 125.6137 125.6136 125.6134 125.6133 125.6132 125.6131 125.613 125.6129 125.6128 125.6128 125.6127 125.6127 125.6127 125.6127 125.6128 125.6128 125.6129 125.613 125.6132 125.6133 125.6135 125.6138 125.614 125.6143 127.2362 127.2355 127.2348 127.2342 127.2337 127.2332 127.2328 127.2324 127.2321 127.2319 127.2317 127.2316 127.2315
125.6195 125.6193 125.6192 125.619 125.6188 125.6186 125.6184 125.6182 125.618 125.6178 125.6176 125.6174 125.6171 125.6169 125.6167 125.6165 125.6162 125.616 125.6158 125.6155 125.6153 125.6151 125.6149 125.6147 125.6145 125.6143 125.6141 125.6139 125.6137 125.6135 125.6134 125.6132 125.6131 125.613 125.6129 125.6128 125.6127 125.6127 125.6126 125.6126 125.6126 125.6127 125.6127 125.6128 125.6129 125.613 125.6132 125.6134 125.6136 125.6139 125.6142 127.2276 127.2269 127.2262 127.2256 127.225 127.2245 127.224 127.2236 127.2233 127.223 127.2228 127.2227
125.6205 125.6203 125.6201 125.6199 125.6197 125.6195 125.6193 125.619 125.6188 125.6186 125.6183 125.6181 125.6178 125.6176 125.6173 125.6171 125.6168 125.6166 125.6163 125.6161 125.6158 125.6156 125.6153 125.6151 125.6149 125.6146 125.6144 125.6142 125.614 125.6138 125.6136 125.6134 125.6132 125.6131 125.613 125.6128 125.6127 125.6126 125.6126 125.6125 125.6125 125.6125 125.6125 125.6126 125.6126 125.6127 125.6128 125.613 125.6132 125.6134 125.6136 125.6139 127.2188 127.218 127.2173 127.2167 127.216 127.2155 127.215 127.2146 127.2142 127.2139 127.2137
