data/raw_data/rasters/lyr3_botm.txt
ncols         744
nrows         578
xllcorner     426898.099538
yllcorner     6654704.581442
cellsize      1
NODATA_value  -9999
[rows 56 to 83 of 578, columns 189 to 251 of 744]
125.8223 125.8304 125.8387 125.8472 125.8558 125.8647 125.8737 125.8829 125.8923 125.9019 125.9116 126.2745 126.2803 126.2864 126.2926 126.2991 126.3058 126.3126 126.4283 126.4342 126.4403 126.4466 126.4531 126.4598 126.4668 126.474 126.4814 126.489 126.4969 126.7845 126.7918 126.7994 126.8072 126.8152 126.8235 127.0178 127.0241 127.0307 127.0376 127.0447 127.0521 127.0597 127.0676 127.0758 126.9934 127.004 127.0149 127.0261 127.0376 127.0494 127.0615 127.0739 127.0866 127.0996 127.1129 127.1265 127.1404 127.1547 127.1693 127.1842 127.1994 127.2149 127.2308
125.8103 125.8183 125.8264 125.8348 125.8433 125.852 125.8609 125.87 125.8792 125.8887 125.8983 126.2579 126.2636 126.2695 126.2756 126.2819 126.2884 126.2951 126.4107 126.4164 126.4223 126.4285 126.4349 126.4415 126.4483 126.4553 126.4626 126.47 126.4778 126.7669 126.774 126.7814 126.7891 126.797 126.8051 126.8135 127.0032 127.0096 127.0163 127.0232 127.0304 127.0379 127.0457 126.8904 126.9731 126.9836 126.9944 127.0054 127.0167 127.0284 127.0403 127.0525 127.0651 127.0779 127.0911 127.1045 127.1183 127.1324 127.1469 127.1616 127.1767 127.1921 127.2078
125.7981 125.8059 125.814 125.8222 125.8306 125.8392 125.8479 125.8569 125.866 125.8753 126.2357 126.2411 126.2466 126.2524 126.2583 126.2645 126.2708 126.2774 126.3928 126.3984 126.4042 126.4102 126.4164 126.4229 126.4295 126.4364 126.4435 126.4509 126.4585 126.749 126.756 126.7633 126.7708 126.7785 126.7865 126.7947 126.8032 126.9883 126.9948 127.0015 127.0086 126.8498 126.8599 126.9426 126.9526 126.9629 126.9735 126.9844 126.9956 127.007 127.0188 127.0309 127.0433 127.0559 127.0689 127.0823 127.0959 127.1098 127.1241 127.1387 127.1536 127.1689 127.1845
125.7857 125.7934 125.8013 125.8094 125.8177 125.8261 125.8348 125.8436 125.8526 125.8618 126.2188 126.224 126.2295 126.2351 126.2409 126.2469 126.2531 126.2595 126.3747 126.3801 126.3858 126.3917 126.3977 126.404 126.4105 126.4173 126.4242 126.4314 126.4389 126.731 126.7378 126.7449 126.7522 126.7598 126.7676 126.7757 126.784 126.7926 126.973 126.9796 126.82 126.8297 126.8397 126.9219 126.9318 126.9419 126.9524 126.9631 126.9741 126.9854 126.997 127.0089 127.0211 127.0337 127.0465 127.0597 127.0732 127.087 127.1011 127.1155 127.1303 127.1454 127.1608
125.7731 125.7808 125.7885 125.7965 125.8046 125.813 125.8215 125.8301 125.839 126.1968 126.2017 126.2068 126.2121 126.2175 126.2232 126.229 126.2351 126.2413 126.3564 126.3617 126.3672 126.3729 126.3788 126.385 126.3913 126.3979 126.4047 126.4118 126.4191 126.7127 126.7193 126.7262 126.7334 126.7408 126.7484 126.7564 126.7645 126.773 126.7817 126.7906 126.7999 126.8094 126.8916 126.901 126.9107 126.9207 126.931 126.9415 126.9524 126.9635 126.9749 126.9867 126.9988 127.0111 127.0238 127.0368 127.0501 127.0638 127.0777 127.092 127.1066 127.1216 127.1369
125.7604 125.7679 125.7756 125.7834 125.7914 125.7996 125.808 125.8165 125.8253 126.1797 126.1845 126.1894 126.1945 126.1998 126.2053 126.211 126.2169 126.223 126.2293 126.343 126.3484 126.3539 126.3597 126.3657 126.3719 126.3783 126.385 126.3919 126.399 126.6942 126.7006 126.7074 126.7144 126.7216 126.7291 126.7368 126.7448 126.7531 126.7616 126.7704 126.7795 126.7889 126.8706 126.8798 126.8894 126.8992 126.9093 126.9196 126.9303 126.9413 126.9526 126.9642 126.9761 126.9883 127.0008 127.0136 127.0268 127.0403 127.0541 127.0682 127.0827 127.0975 127.1126
125.7476 125.7549 125.7624 125.7701 125.778 125.7861 125.7943 125.8027 125.8113 126.1624 126.167 126.1718 126.1768 126.1819 126.1872 126.1928 126.1985 126.2044 126.2106 126.3241 126.3293 126.3347 126.3403 126.3462 126.3522 126.3585 126.365 126.3718 126.3787 126.6754 126.6817 126.6883 126.6951 126.7021 126.7094 126.717 126.7249 126.7329 126.7413 126.7499 126.7589 126.8405 126.8493 126.8584 126.8677 126.8774 126.8873 126.8975 126.908 126.9188 126.9299 126.9414 126.9531 126.9651 126.9775 126.9902 127.0031 127.0165 127.0301 127.0441 127.0584 127.073 127.088
125.7345 125.7417 125.7491 125.7567 125.7644 125.7723 125.7804 125.7887 126.1407 126.1449 126.1494 126.154 126.1588 126.1638 126.169 126.1743 126.1799 126.1857 126.1917 126.305 126.31 126.3153 126.3208 126.3264 126.3323 126.3385 126.3448 126.3514 126.3582 126.6564 126.6625 126.6689 126.6756 126.6824 126.6896 126.697 126.7046 126.7126 126.7207 126.7292 126.738 126.8192 126.8278 126.8367 126.8459 126.8553 126.8651 126.8751 126.8854 126.8961 126.907 126.9183 126.9298 126.9417 126.9539 126.9664 126.9792 126.9923 127.0058 127.0196 127.0338 127.0482 127.0631
125.7213 125.7284 125.7356 125.7431 125.7507 125.7585 125.7664 125.7746 126.1231 126.1272 126.1315 126.136 126.1406 126.1454 126.1505 126.1557 126.1611 126.1667 126.1725 126.2857 126.2906 126.2957 126.301 126.3065 126.3122 126.3182 126.3244 126.3308 126.3375 126.6372 126.6431 126.6494 126.6558 126.6625 126.6695 126.6767 126.6842 126.6919 126.6999 126.7082 126.7894 126.7976 126.806 126.8147 126.8237 126.833 126.8426 126.8524 126.8626 126.873 126.8838 126.8949 126.9063 126.918 126.93 126.9423 126.955 126.9679 126.9813 126.9949 127.0089 127.0232 127.0378
125.7079 125.7149 125.722 125.7293 125.7368 125.7444 125.7522 126.1016 126.1054 126.1093 126.1135 126.1178 126.1222 126.1269 126.1318 126.1368 126.1421 126.1475 126.1532 126.2661 126.2709 126.2758 126.281 126.2863 126.2919 126.2977 126.3037 126.31 126.3165 126.6177 126.6235 126.6295 126.6358 126.6423 126.6491 126.6562 126.6635 126.671 126.6789 126.687 126.7677 126.7757 126.7839 126.7925 126.8013 126.8104 126.8198 126.8295 126.8394 126.8497 126.8603 126.8712 126.8824 126.894 126.9058 126.9179 126.9304 126.9432 126.9564 126.9698 126.9837 126.9978 127.0123
125.4266 125.4346 125.4429 125.7153 125.7227 125.7302 125.7378 126.0839 126.0875 126.0913 126.0952 126.0994 126.1037 126.1082 126.1129 126.1178 126.1229 126.1282 126.1337 126.2464 126.2509 126.2557 126.2607 126.2659 126.2713 126.277 126.2829 126.289 126.2953 126.598 126.6037 126.6095 126.6156 126.6219 126.6285 126.6354 126.6425 126.6499 126.6576 126.7382 126.7458 126.7535 126.7616 126.77 126.7786 126.7875 126.7967 126.8062 126.816 126.8261 126.8366 126.8473 126.8583 126.8696 126.8813 126.8933 126.9056 126.9182 126.9312 126.9445 126.9581 126.9721 126.9864
125.4139 125.4218 125.4299 125.4382 125.4467 125.4554 125.4642 125.7942 125.7989 125.8038 125.8089 125.8142 125.8197 125.8254 126.0938 126.0985 126.1035 126.1086 126.1139 126.2264 126.2308 126.2354 126.2403 126.2453 126.2506 126.2561 126.2618 126.2677 126.2739 126.5781 126.5836 126.5892 126.5951 126.6013 126.6077 126.6144 126.6213 126.6285 126.636 126.7162 126.7235 126.7311 126.739 126.7472 126.7556 126.7644 126.7734 126.7827 126.7924 126.8023 126.8125 126.823 126.8339 126.8451 126.8565 126.8683 126.8805 126.8929 126.9057 126.9188 126.9323 126.9461 126.9603
125.401 125.4088 125.4168 125.4249 125.4333 125.4418 125.7727 125.7771 125.7816 125.7864 125.7913 125.7965 125.8018 125.8074 125.8131 125.8191 125.8252 125.8316 125.8382 125.9519 125.9575 126.2149 126.2196 126.2245 126.2296 126.2349 126.2404 126.2462 126.2522 126.1587 126.5632 126.5687 126.5745 126.5804 126.5867 126.5931 126.5999 126.6069 126.6871 126.6939 126.7011 126.7085 126.7162 126.7242 126.7324 126.741 126.7498 126.759 126.7684 126.7781 126.7882 126.7985 126.8092 126.8202 126.8315 126.8431 126.8551 126.8673 126.88 126.8929 126.9062 126.9198 126.9338
125.388 125.3957 125.4035 125.4115 125.4197 125.4281 125.7555 125.7598 125.7642 125.7688 125.7736 125.7785 125.7837 125.7891 125.7947 125.8005 125.8065 125.8127 125.8191 125.9326 125.9381 125.9438 125.9498 125.9559 125.9623 125.969 125.9758 126.1229 126.1306 126.1386 126.1468 126.1552 126.5535 126.5593 126.5654 126.5717 126.5782 126.585 126.6647 126.6714 126.6784 126.6856 126.6931 126.7009 126.709 126.7173 126.726 126.7349 126.7442 126.7537 126.7636 126.7737 126.7842 126.795 126.8061 126.8176 126.8294 126.8414 126.8539 126.8667 126.8798 126.8932 126.907
125.3748 125.3823 125.39 125.3979 125.406 125.4142 125.7382 125.7422 125.7465 125.7509 125.7556 125.7604 125.7654 125.7706 125.7761 125.7817 125.7875 125.7936 125.7998 125.9131 125.9185 125.924 125.9298 125.9358 125.9421 125.9485 125.8669 125.8756 125.8845 125.8936 125.903 125.9127 126.1431 126.538 126.5438 126.5499 126.5563 126.6359 126.6421 126.6486 126.6554 126.6624 126.6697 126.6773 126.6852 126.6934 126.7018 126.7106 126.7197 126.729 126.7387 126.7487 126.759 126.7696 126.7805 126.7918 126.8034 126.8153 126.8275 126.8401 126.853 126.8663 126.8799
125.3615 125.3688 125.3764 125.3841 125.3921 125.7169 125.7206 125.7246 125.7287 125.7329 125.7374 125.7421 125.7469 125.752 125.7572 125.7627 125.7684 125.7742 125.7803 125.8935 125.8986 125.904 125.9097 125.9155 125.9216 125.8397 125.8479 125.8564 125.8652 125.8742 125.8834 125.8929 125.9027 125.9128 125.9572 125.9674 125.978 126.6133 126.6193 126.6256 126.6322 126.639 126.6461 126.6535 126.6612 126.6692 126.6775 126.686 126.6949 126.7041 126.7135 126.7233 126.7334 126.7439 126.7546 126.7657 126.7771 126.7888 126.8009 126.8133 126.826 126.8391 126.8525
125.3479 125.3552 125.3626 125.3702 125.378 125.6994 125.7029 125.7067 125.7106 125.7147 125.719 125.7235 125.7282 125.7331 125.7382 125.7435 125.749 125.7547 125.7607 125.8736 125.8786 125.8838 125.8893 125.895 125.8128 125.8206 125.8287 125.837 125.8456 125.8545 125.8636 125.8729 125.8825 125.8924 125.9026 125.9468 126.0328 126.0427 126.053 126.0635 126.0743 126.6154 126.6223 126.6295 126.637 126.6447 126.6528 126.6612 126.6699 126.6788 126.6881 126.6977 126.7076 126.7179 126.7284 126.7393 126.7505 126.762 126.7739 126.7861 126.7987 126.8116 126.8249
125.3343 125.3413 125.3486 125.3561 125.3637 125.6816 125.685 125.6886 125.6924 125.6964 125.7005 125.7048 125.7094 125.7141 125.719 125.7241 125.7295 125.735 125.7408 125.7468 125.8583 125.8634 125.8687 125.7862 125.7936 125.8013 125.8093 125.8175 125.8259 125.8346 125.8435 125.8527 125.8621 125.8719 125.8818 125.8921 125.9666 126.0212 126.0313 126.0416 126.0522 126.0631 126.0743 126.0858 126.0976 126.62 126.6279 126.6361 126.6446 126.6533 126.6624 126.6718 126.6815 126.6916 126.7019 126.7126 126.7236 126.735 126.7467 126.7587 126.7711 126.7838 126.7969
125.3204 125.3273 125.3345 125.3418 125.6606 125.6637 125.6669 125.6704 125.674 125.6778 125.6818 125.6859 125.6903 125.6948 125.6996 125.7046 125.7097 125.7151 125.7207 125.7265 125.8379 125.8428 125.76 125.767 125.7743 125.7819 125.7896 125.7977 125.8059 125.8144 125.8232 125.8322 125.8415 125.8511 125.8609 125.9353 125.945 125.9551 126.0093 126.0195 126.0299 126.0406 126.0517 126.063 126.0746 126.0865 126.0987 126.1112 126.619 126.6276 126.6365 126.6457 126.6552 126.665 126.6752 126.6857 126.6965 126.7077 126.7192 126.731 126.7432 126.7557 126.7686
125.3064 125.3132 125.3202 125.3273 125.6427 125.6456 125.6487 125.6519 125.6554 125.659 125.6628 125.6668 125.671 125.6754 125.68 125.6848 125.6898 125.695 125.7004 125.7061 125.8172 125.7341 125.7408 125.7477 125.7548 125.7622 125.7698 125.7776 125.7857 125.7941 125.8027 125.8116 125.8207 125.8301 125.8397 125.9136 125.9232 125.9331 125.9432 125.9971 126.0074 126.0179 126.0288 126.0399 126.0513 126.0631 126.0751 126.0874 126.1001 126.113 126.1263 126.6192 126.6286 126.6382 126.6482 126.6585 126.6691 126.6801 126.6914 126.703 126.715 126.7274 126.7401
125.2922 125.2989 125.3057 125.3127 125.6246 125.6273 125.6302 125.6333 125.6366 125.6401 125.6437 125.6476 125.6516 125.6558 125.6602 125.6648 125.6697 125.6747 125.6799 125.6854 125.7086 125.7149 125.7214 125.7281 125.7351 125.7423 125.7497 125.7574 125.7654 125.7735 125.782 125.7907 125.7996 125.8088 125.8826 125.8918 125.9012 125.9109 125.9208 125.931 125.9846 125.995 126.0057 126.0166 126.0279 126.0394 126.0513 126.0634 126.0759 126.0886 126.1017 126.1151 126.1288 126.1429 126.1572 126.631 126.6414 126.6522 126.6633 126.6747 126.6865 126.6987 126.7112
125.2778 125.2844 125.2911 125.6039 125.6063 125.6089 125.6116 125.6145 125.6177 125.6209 125.6244 125.6281 125.6319 125.636 125.6402 125.6447 125.6493 125.6542 125.6593 125.5769 125.6893 125.6954 125.7018 125.7084 125.7152 125.7222 125.7295 125.737 125.7448 125.7528 125.761 125.7695 125.7783 125.7874 125.8607 125.8697 125.8789 125.8884 125.8982 125.9082 125.9186 125.9718 125.9823 125.9931 126.0042 126.0155 126.0272 126.0392 126.0514 126.064 126.0769 126.0901 126.1037 126.1175 126.1317 126.1463 126.1611 126.1763 126.6349 126.6462 126.6578 126.6697 126.6821
125.2633 125.2697 125.2762 125.5855 125.5878 125.5902 125.5928 125.5956 125.5985 125.6016 125.6049 125.6084 125.6121 125.616 125.6201 125.6244 125.6288 125.6335 125.5508 125.5576 125.6698 125.6758 125.682 125.6884 125.695 125.7019 125.709 125.7163 125.7239 125.7318 125.7399 125.7482 125.7568 125.83 125.8386 125.8474 125.8564 125.8657 125.8753 125.8852 125.8954 125.9058 125.9165 125.9693 125.9802 125.9914 126.0029 126.0147 126.0268 126.0392 126.0519 126.0649 126.0783 126.092 126.106 126.1203 126.135 126.15 126.1654 126.181 126.1971 126.6405 126.6526
125.2486 125.2549 125.2613 125.5671 125.5691 125.5714 125.5738 125.5764 125.5792 125.5821 125.5853 125.5886 125.5921 125.5958 125.5997 125.6038 125.6081 125.5252 125.5316 125.5382 125.6502 125.656 125.662 125.6682 125.6747 125.6814 125.6883 125.6955 125.7029 125.7106 125.7185 125.7267 125.7351 125.8078 125.8162 125.8248 125.8337 125.8429 125.8523 125.862 125.872 125.8822 125.8928 125.9036 125.9561 125.9671 125.9784 125.99 126.0019 126.0141 126.0266 126.0395 126.0527 126.0661 126.08 126.0941 126.1086 126.1234 126.1386 126.1541 126.17 126.1862 126.169
125.2338 125.2399 125.5466 125.5484 125.5503 125.5524 125.5546 125.5571 125.5597 125.5625 125.5654 125.5686 125.5719 125.5755 125.5792 125.5831 125.4999 125.5059 125.5121 125.5186 125.6303 125.6359 125.6418 125.6478 125.6541 125.6607 125.6674 125.6744 125.6817 125.6892 125.6969 125.7049 125.7132 125.7854 125.7936 125.8021 125.8108 125.8197 125.829 125.8385 125.8483 125.8584 125.8688 125.8794 125.8904 125.9425 125.9536 125.965 125.9767 125.9888 126.0011 126.0138 126.0268 126.0401 126.0537 126.0677 126.082 126.0966 126.1116 126.1269 126.1426 126.1245 126.1413
125.2188 125.2247 125.528 125.5296 125.5313 125.5332 125.5353 125.5376 125.54 125.5426 125.5454 125.5484 125.5515 125.5549 125.5585 125.4749 125.4806 125.4864 125.4925 125.4988 125.5053 125.6157 125.6214 125.6273 125.6334 125.6397 125.6463 125.6532 125.6602 125.6676 125.6751 125.683 125.7551 125.7628 125.7708 125.7791 125.7876 125.7964 125.8055 125.8148 125.8244 125.8343 125.8445 125.855 125.8658 125.8768 125.9286 125.9398 125.9513 125.9632 125.9754 125.9878 126.0006 126.0138 126.0272 126.041 126.0551 126.0696 126.0844 126.0995 126.0806 126.0968 126.1134
125.2036 125.2094 125.5091 125.5105 125.5121 125.5139 125.5158 125.5179 125.5201 125.5226 125.5252 125.528 125.531 125.5342 125.4504 125.4557 125.4611 125.4668 125.4727 125.4788 125.4851 125.5952 125.6007 125.6065 125.6124 125.6186 125.625 125.6317 125.6386 125.6457 125.6531 125.6608 125.7324 125.74 125.7478 125.7559 125.7643 125.7729 125.7818 125.7909 125.8003 125.8101 125.8201 125.8304 125.8409 125.8518 125.863 125.9144 125.9257 125.9374 125.9494 125.9617 125.9743 125.9872 126.0005 126.0141 126.028 126.0423 126.0569 126.037 126.0528 126.0688 126.0853
125.1883 125.489 125.4901 125.4914 125.4928 125.4943 125.4961 125.498 125.5001 125.5023 125.5048 125.5074 125.5102 125.4262 125.4311 125.4362 125.4415 125.447 125.4527 125.4586 125.4648 125.5746 125.5799 125.5855 125.5913 125.5973 125.6035 125.61 125.6167 125.6237 125.6309 125.7024 125.7096 125.7169 125.7246 125.7325 125.7407 125.7491 125.7578 125.7668 125.776 125.7856 125.7954 125.8055 125.8159 125.8266 125.8376 125.8489 125.8999 125.9114 125.9232 125.9353 125.9477 125.9604 125.9735 125.9869 126.0007 126.0147 125.994 126.0092 126.0247 126.0406 126.0569
