data/raw_data/rasters/lyr3_botm.txt
ncols         744
nrows         578
xllcorner     426898.099538
yllcorner     6654704.581442
cellsize      1
NODATA_value  -9999
[rows 532 to 559 of 578, columns 567 to 629 of 744]
136.5689 136.5877 136.6063 136.6245 136.6423 136.6598 136.6768 136.6935 136.7097 136.7715 136.7875 136.8029 136.8178 136.8322 136.846 136.8593 136.872 136.8841 136.8956 137.2572 137.2746 137.2914 137.3075 137.3229 137.3375 139.0868 139.1112 139.1349 139.3443 139.3685 139.392 139.4148 139.2706 139.2902 139.309 139.327 139.3443 139.3608 139.3765 139.3914 139.4055 139.4188 139.4713 139.4847 139.4973 139.5091 139.5201 139.5303 139.5396 139.5482 139.5559 139.5628 139.5689 139.5742 139.5787 139.5824 139.5853 139.5874 139.5887 139.5893 139.589 139.588 139.5863
136.5183 136.5365 136.5544 136.572 136.5892 136.606 136.6225 136.6385 136.6541 136.716 136.7314 136.7462 136.7606 136.7744 136.7877 136.8004 136.8126 136.8242 137.1826 137.2003 137.2173 137.2336 137.2492 137.2641 137.2784 139.0477 139.0716 139.0948 139.3062 139.3299 139.3529 139.3752 139.3968 139.2474 139.2658 139.2834 139.3003 139.3164 139.3318 139.3463 139.3601 139.3732 139.4252 139.4384 139.4507 139.4623 139.4731 139.483 139.4922 139.5006 139.5082 139.5149 139.5209 139.5261 139.5305 139.5341 139.537 139.539 139.5403 139.5409 139.5407 139.5397 139.538
136.4675 136.4851 136.5024 136.5193 136.536 136.5522 136.5681 136.5835 136.6453 136.6605 136.6753 136.6895 136.7033 136.7166 136.7294 136.7416 136.7533 136.7644 137.1263 137.1435 137.16 137.1759 137.1911 137.2056 137.018 137.0284 137.0381 137.047 139.2684 139.2916 139.3141 139.3359 139.357 139.3774 139.2228 139.2401 139.2566 139.2723 139.2873 139.3016 139.3151 139.3278 139.3795 139.3923 139.4045 139.4158 139.4263 139.4361 139.4451 139.4533 139.4607 139.4674 139.4732 139.4783 139.4826 139.4862 139.489 139.491 139.4923 139.4928 139.4926 139.4917 139.49
136.4164 136.4335 136.4502 136.4666 136.4826 136.4983 136.5135 136.5284 136.5903 136.6049 136.6191 136.6329 136.6461 136.6589 136.6711 136.6829 136.694 136.7047 137.0701 137.0869 137.1029 137.1183 137.1331 137.1472 136.957 136.967 136.9763 136.9849 137.4311 137.4428 137.4538 137.4642 137.4738 139.3374 139.3567 139.197 139.2131 139.2285 139.2432 139.2571 139.2703 139.2827 139.2944 139.3466 139.3585 139.3696 139.3799 139.3895 139.3983 139.4063 139.4136 139.4201 139.4259 139.4308 139.4351 139.4386 139.4413 139.4433 139.4445 139.4451 139.4449 139.4439 139.4423
136.3652 136.3817 136.3979 136.4137 136.4291 136.4442 136.459 136.5207 136.5352 136.5493 136.563 136.5762 136.589 136.6012 136.613 136.6242 136.6349 136.645 137.0141 137.0304 137.046 137.061 137.0754 136.8858 136.8961 136.9058 136.9148 136.923 137.3738 137.3851 137.3959 137.4059 137.4152 137.4238 137.4317 137.4388 139.1699 139.185 139.1993 139.2129 139.2258 139.2379 139.2494 139.3012 139.3128 139.3237 139.3338 139.3432 139.3518 139.3597 139.3668 139.3732 139.3788 139.3837 139.3878 139.3913 139.3939 139.3959 139.3971 139.3976 139.3974 139.3965 139.3949
136.3139 136.3298 136.3454 136.3607 136.3756 136.3902 136.4043 136.4662 136.4802 136.4938 136.5069 136.5196 136.5319 136.5436 136.5549 136.5656 136.5759 136.5856 136.9582 136.974 136.9893 137.0039 136.815 136.8256 136.8356 136.8448 136.8535 136.8615 136.8687 137.3278 137.3381 137.3478 137.3568 137.3652 137.3728 137.3797 137.3859 139.1417 139.1557 139.169 139.1816 139.1935 139.2046 139.2561 139.2675 139.2781 139.2881 139.2972 139.3057 139.3134 139.3203 139.3266 139.3321 139.3369 139.3409 139.3443 139.3469 139.3488 139.35 139.3505 139.3503 139.3494 139.3478
136.2624 136.2778 136.2928 136.3076 136.322 136.336 136.3977 136.4116 136.4251 136.4382 136.4509 136.4631 136.4748 136.4861 136.4969 136.5072 136.517 136.5262 136.9025 136.9179 136.9327 136.7445 136.7553 136.7656 136.7752 136.7841 136.7925 136.8001 136.8071 137.2706 137.2807 137.2901 137.2988 137.3069 137.3142 137.3209 137.3269 137.3322 139.1124 139.1254 139.1377 139.1493 139.1602 139.1704 139.2225 139.2329 139.2426 139.2516 139.2598 139.2674 139.2742 139.2803 139.2857 139.2904 139.2944 139.2976 139.3002 139.3021 139.3032 139.3037 139.3035 139.3026 139.301
136.2107 136.2256 136.2402 136.2544 136.2683 136.3298 136.3436 136.357 136.37 136.3826 136.3948 136.4065 136.4178 136.4286 136.439 136.4488 136.4582 136.8314 136.847 136.8619 136.6743 136.6854 136.6959 136.7058 136.7151 136.7237 136.7317 136.739 136.7457 137.2138 137.2235 137.2326 137.2411 137.2489 137.256 137.2624 137.2682 137.2733 137.2776 139.0821 139.0941 139.1054 139.1161 139.126 139.1778 139.188 139.1975 139.2063 139.2143 139.2217 139.2284 139.2344 139.2397 139.2442 139.2481 139.2513 139.2538 139.2556 139.2568 139.2572 139.257 139.2561 139.2546
136.159 136.1733 136.1874 136.2011 136.2145 136.2762 136.2895 136.3025 136.315 136.3271 136.3388 136.3501 136.3609 136.3713 136.3812 136.3906 136.3995 136.7764 136.7916 136.8062 136.6158 136.6266 136.6367 136.6463 136.6552 136.6635 136.6712 136.6783 136.6847 137.1572 137.1667 137.1755 137.1837 137.1912 137.1981 137.2043 137.2098 137.2147 137.2189 137.2224 139.0508 139.0619 139.0723 139.082 139.091 139.1434 139.1527 139.1613 139.1692 139.1764 139.1829 139.1888 139.194 139.1984 139.2022 139.2054 139.2078 139.2096 139.2107 139.2111 139.2109 139.21 139.2085
136.1071 136.121 136.1346 136.1478 136.2094 136.2226 136.2354 136.2479 136.26 136.2716 136.2829 136.2937 136.3041 136.314 136.3235 136.3325 136.341 136.7216 136.7364 136.5466 136.5576 136.5679 136.5777 136.587 136.5956 136.6036 136.611 136.6177 136.6239 137.1009 137.1101 137.1186 137.1265 137.1338 137.1405 137.1464 137.1518 137.1564 137.1605 137.1638 137.1665 139.0186 139.0287 139.0382 139.047 139.0992 139.1082 139.1166 139.1244 139.1314 139.1378 139.1435 139.1486 139.153 139.1567 139.1597 139.1621 139.1638 139.1649 139.1653 139.1651 139.1643 139.1628
136.0551 136.0686 136.0817 136.0945 136.1563 136.169 136.1814 136.1934 136.205 136.2162 136.227 136.2374 136.2474 136.2569 136.2659 136.2746 136.2827 136.667 136.4778 136.4889 136.4995 136.5095 136.519 136.5279 136.5362 136.5439 136.551 136.5575 136.5634 137.0449 137.0538 137.0621 137.0697 137.0768 137.0832 137.089 137.0941 137.0986 137.1024 137.1056 137.1081 137.11 138.9856 138.9948 139.0034 139.0552 139.0641 139.0723 139.0799 139.0868 139.093 139.0986 139.1036 139.1078 139.1115 139.1144 139.1168 139.1185 139.1195 139.1199 139.1197 139.1188 139.1173
136.0031 136.0161 136.0288 136.0904 136.1031 136.1154 136.1273 136.1389 136.15 136.1608 136.1712 136.1812 136.1908 136.1999 136.2085 136.2167 136.2245 136.4093 136.4206 136.4314 136.4417 136.4514 136.4605 136.4691 136.4771 136.4845 136.4914 136.4976 136.5032 136.9892 136.9978 137.0058 137.0133 137.0201 137.0262 137.0318 137.0367 137.041 137.0447 137.0478 137.0502 137.0519 137.053 138.9518 138.9601 138.9679 139.0203 139.0284 139.0358 139.0425 139.0486 139.0541 139.0589 139.0631 139.0666 139.0695 139.0718 139.0734 139.0744 139.0748 139.0746 139.0737 139.0723
135.951 135.9636 136.0251 136.0377 136.0499 136.0618 136.0733 136.0844 136.0952 136.1055 136.1155 136.1251 136.1343 136.143 136.1513 136.1591 135.8215 136.3527 136.3637 136.3741 136.3841 136.3934 136.4023 136.4106 136.4183 136.4254 136.432 136.438 136.4434 136.9338 136.9421 136.9499 136.9571 136.9637 136.9697 136.975 136.9798 136.9839 136.9874 136.9903 136.9925 136.9942 136.9951 136.9955 138.9172 138.9247 138.9769 138.9848 138.992 138.9986 139.0045 139.0099 139.0146 139.0186 139.0221 139.0249 139.0271 139.0287 139.0297 139.0301 139.0298 139.029 139.0275
135.8989 135.911 135.9728 135.9849 135.9967 136.0082 136.0193 136.03 136.0404 136.0504 136.0599 136.0691 136.0779 136.0862 136.0941 135.7569 136.2852 136.2963 136.307 136.3171 136.3267 136.3358 136.3443 136.3523 136.3597 136.3666 136.3729 136.3787 136.3838 136.8787 136.8868 136.8943 136.9013 136.9076 136.9134 136.9186 136.9231 136.9271 136.9304 136.9332 136.9353 136.9368 136.9377 136.938 136.9376 138.8819 138.8887 138.9415 138.9485 138.955 138.9608 138.966 138.9706 138.9746 138.978 138.9807 138.9829 138.9844 138.9854 138.9857 138.9854 138.9846 138.9832
135.8467 135.9084 135.9205 135.9322 135.9436 135.9546 135.9653 135.9757 135.9856 135.9952 136.0045 136.0133 136.0217 136.0296 135.6926 135.6955 136.2294 136.2402 136.2505 136.2603 136.2696 136.2784 136.2866 136.2943 136.3015 136.3081 136.3142 136.3197 136.3246 136.3289 136.8318 136.8391 136.8458 136.8519 136.8575 136.8625 136.8669 136.8707 136.8738 136.8764 136.8784 136.8798 136.8806 136.8808 136.8804 136.8793 138.846 138.8986 138.9055 138.9118 138.9174 138.9225 138.927 138.9309 138.9342 138.9369 138.9389 138.9404 138.9413 138.9417 138.9414 138.9406 138.9391
135.6727 135.8565 135.8681 135.8795 135.8905 135.9011 135.9115 135.9214 135.931 135.9402 135.9491 135.9575 135.9656 135.6287 135.6317 135.6343 136.1738 136.1842 136.1942 136.2037 136.2127 136.2212 136.2292 136.2366 136.2435 136.2499 136.2557 136.261 136.2657 136.2699 136.777 136.7841 136.7906 136.7966 136.8019 136.8067 136.8109 136.8146 136.8176 136.8201 136.822 136.8232 136.8239 136.824 136.8235 136.8224 136.8207 138.856 138.8628 138.8689 138.8745 138.8794 138.8838 138.8876 138.8908 138.8934 138.8954 138.8969 138.8977 138.898 138.8977 138.8969 138.8955
135.4992 135.5065 135.8158 135.8268 135.8374 135.8477 135.8577 135.8672 135.8765 135.8854 135.8938 135.9019 135.5653 135.5684 135.5711 135.5733 136.1183 136.1285 136.1382 136.1474 136.1561 136.1643 136.172 136.1792 136.1859 136.192 136.1976 136.2027 136.2072 136.2111 136.7227 136.7295 136.7358 136.7416 136.7467 136.7514 136.7554 136.7589 136.7618 136.7641 136.7659 136.7671 136.7677 136.7677 136.7671 136.7659 136.7642 136.7619 138.8204 138.8264 138.8318 138.8366 138.8409 138.8446 138.8477 138.8502 138.8522 138.8536 138.8544 138.8547 138.8544 138.8536 138.8522
135.4433 135.4503 135.457 135.7741 135.7844 135.7943 135.8039 135.8132 135.8221 135.8306 135.8387 135.8465 135.5054 135.5082 135.5106 136.0528 136.0632 136.073 136.0824 136.0913 136.0998 136.1077 136.1152 136.1221 136.1285 136.1344 136.1398 136.1446 136.1489 136.1527 136.6686 136.6752 136.6814 136.6869 136.6919 136.6964 136.7003 136.7036 136.7064 136.7086 136.7102 136.7113 136.7118 136.7117 136.7111 136.7099 136.7081 136.7057 136.7028 138.7842 138.7895 138.7942 138.7984 138.802 138.805 138.8075 138.8094 138.8107 138.8115 138.8118 138.8115 138.8107 138.8093
135.3875 135.3942 135.4005 135.4066 135.7315 135.7411 135.7503 135.7592 135.7678 135.776 135.7838 135.4428 135.4457 135.4482 135.4503 135.9982 136.0082 136.0178 136.0269 136.0355 136.0437 136.0514 136.0586 136.0653 136.0715 136.0771 136.0823 136.0869 136.091 136.0946 136.6149 136.6213 136.6272 136.6326 136.6374 136.6417 136.6455 136.6487 136.6513 136.6534 136.6549 136.6559 136.6563 136.6562 136.6555 136.6542 136.6524 136.65 136.647 136.6436 138.7476 138.7522 138.7563 138.7598 138.7627 138.7651 138.7669 138.7682 138.769 138.7692 138.7689 138.7681 138.7667
135.3317 135.338 135.3441 135.3498 135.3552 135.6879 135.6968 135.7054 135.7136 135.7215 135.3806 135.3836 135.3862 135.3884 135.3902 135.9438 135.9535 135.9628 135.9716 135.98 135.9879 135.9953 136.0023 136.0088 136.0147 136.0202 136.0252 136.0296 136.0335 136.0369 136.5615 136.5678 136.5735 136.5787 136.5833 136.5875 136.5911 136.5941 136.5966 136.5986 136.6 136.6009 136.6012 136.601 136.6003 136.599 136.5971 136.5947 136.5917 136.5882 136.5842 138.7105 138.7145 138.7179 138.7207 138.7231 138.7249 138.7261 138.7269 138.7271 138.7267 138.7259 138.7245
135.2759 135.282 135.2877 135.2932 135.2983 135.303 135.6434 135.6517 135.6596 135.3188 135.3219 135.3246 135.3269 135.3288 135.3304 135.8896 135.899 135.9081 135.9166 135.9248 135.9324 135.9396 135.9463 135.9526 135.9583 135.9636 135.9683 135.9726 135.9763 135.9796 136.5085 136.5145 136.5201 136.5251 136.5296 136.5336 136.537 136.54 136.5424 136.5442 136.5455 136.5463 136.5466 136.5463 136.5455 136.5441 136.5422 136.5398 136.5368 136.5333 136.5293 136.5247 138.6731 138.6764 138.6792 138.6814 138.6832 138.6844 138.6851 138.6852 138.6849 138.6841 138.6827
135.2202 135.226 135.2314 135.2366 135.2414 135.2459 135.25 135.5981 135.2574 135.2605 135.2633 135.2657 135.2678 135.2695 135.2708 135.8356 135.8448 135.8536 135.8619 135.8698 135.8772 135.8842 135.8907 135.8967 135.9023 135.9073 135.9119 135.916 135.9195 135.9226 136.4558 136.4617 136.467 136.4719 136.4762 136.4801 136.4834 136.4862 136.4885 136.4902 136.4915 136.4922 136.4924 136.492 136.4911 136.4897 136.4878 136.4854 136.4824 136.4789 136.4748 136.4703 136.4652 138.6353 138.638 138.6402 138.6418 138.643 138.6437 138.6438 138.6434 138.6426 138.6412
135.1646 135.17 135.1752 135.1801 135.1846 135.1888 135.1927 135.1963 135.1995 135.2024 135.2049 135.2071 135.2089 135.2103 135.7726 135.7819 135.7909 135.7994 135.8075 135.8151 135.8223 135.8291 135.8353 135.8412 135.8465 135.8514 135.8558 135.8597 135.8631 135.866 136.4035 136.4092 136.4144 136.4191 136.4233 136.427 136.4302 136.4328 136.435 136.4367 136.4378 136.4384 136.4385 136.4381 136.4372 136.4358 136.4338 136.4313 136.4283 136.4248 136.4208 136.4163 136.4113 136.4057 138.5972 138.5993 138.6009 138.602 138.6026 138.6028 138.6024 138.9681 138.9678
135.109 135.1142 135.1191 135.1237 135.128 135.1319 135.1355 135.1388 135.1418 135.1444 135.1467 135.1486 135.1502 135.1514 135.7194 135.7285 135.7372 135.7455 135.7533 135.7607 135.7677 135.7742 135.7803 135.7859 135.7911 135.7958 135.8 135.8037 135.807 135.8098 136.3515 136.3571 136.3621 136.3666 136.3707 136.3742 136.3773 136.3799 136.3819 136.3835 136.3846 136.3851 136.3851 136.3847 136.3837 136.3822 136.3802 136.3777 136.3748 136.3712 136.3672 136.3627 136.3577 136.3522 136.3462 138.922 138.9246 138.9267 138.9283 138.9295 138.9301 138.9303 138.9299
135.0535 135.0585 135.0631 135.0674 135.0715 135.0751 135.0785 135.0816 135.0843 135.0867 135.0887 135.0904 135.0917 135.0927 135.6664 135.6753 135.6838 135.6918 135.6994 135.7066 135.7134 135.7197 135.7256 135.731 135.736 135.7405 135.7446 135.7482 135.7513 135.7539 135.756 136.3053 136.3102 136.3146 136.3185 136.3219 136.3248 136.3273 136.3293 136.3307 136.3317 136.3322 136.3322 136.3316 136.3306 136.3291 136.3271 136.3246 136.3216 136.3181 136.3141 136.3096 136.3047 136.2992 136.2933 136.2868 138.8873 138.8893 138.8909 138.892 138.8926 138.8927 138.8924
134.9982 135.0029 135.0072 135.0113 135.0151 135.0186 135.0217 135.0245 135.027 135.0291 135.0309 135.0324 135.0335 135.0343 135.6138 135.6224 135.6306 135.6385 135.6459 135.6529 135.6594 135.6656 135.6713 135.6765 135.6813 135.6857 135.6895 135.693 135.6959 135.6984 135.7004 136.2539 136.2586 136.2629 136.2667 136.27 136.2728 136.2751 136.277 136.2784 136.2793 136.2797 136.2796 136.279 136.278 136.2764 136.2744 136.2719 136.2689 136.2654 136.2614 136.257 136.252 136.2466 136.2408 136.2344 136.2276 138.8522 138.8537 138.8548 138.8554 138.8555 138.8552
134.9429 134.9474 134.9515 134.9554 134.9589 134.9621 134.965 134.9676 134.9699 134.9718 134.9734 134.9746 134.9755 135.5526 135.5614 135.5698 135.5778 135.5854 135.5926 135.5994 135.6058 135.6117 135.6172 135.6223 135.627 135.6311 135.6349 135.6382 135.641 135.6433 135.6452 136.2029 136.2075 136.2116 136.2152 136.2184 136.2211 136.2234 136.2252 136.2265 136.2273 136.2276 136.2275 136.2269 136.2258 136.2242 136.2222 136.2196 136.2166 136.2132 136.2092 136.2048 136.1999 136.1945 136.1887 136.1824 136.1756 136.1684 138.817 138.818 138.8185 138.8186 138.8183
134.8878 134.892 134.8959 134.8996 134.9029 134.9059 134.9086 134.9109 134.913 134.9147 134.9161 134.9171 134.9178 135.5007 135.5092 135.5175 135.5253 135.5327 135.5397 135.5463 135.5525 135.5582 135.5636 135.5685 135.5729 135.577 135.5806 135.5837 135.5864 135.5887 135.5904 136.1522 136.1567 136.1607 136.1642 136.1673 136.1699 136.172 136.1737 136.1749 136.1757 136.176 136.1758 136.1751 136.174 136.1724 136.1703 136.1678 136.1648 136.1613 136.1574 136.153 136.1482 136.1429 136.1371 136.1308 136.1242 136.117 136.1095 138.7815 138.7821 138.7822 138.7818
