data/raw_data/rasters/lyr3_botm.txt
ncols         744
nrows         578
xllcorner     426898.099538
yllcorner     6654704.581442
cellsize      1
NODATA_value  -9999
[rows 196 to 223 of 578, columns 504 to 566 of 744]
124.7745 125.3128 125.3759 125.3872 125.472 125.5394 125.755 125.8424 125.8183 125.8926 125.9678 126.02 126.0965 126.2298 126.3166 126.4395 126.5284 126.6248 126.7148 126.665 126.7577 126.7837 126.877 126.9706 127.0647 127.1676 127.2617 127.3612 127.5249 127.6184 127.7116 127.8575 127.8834 128.091 128.1785 128.265 128.3503 128.4346 128.5177 128.5546 128.4536 128.5354 128.6165 128.6969 128.7663 128.8487 128.8866 128.9452 129.0204 129.0955 129.1706 129.246 129.3217 129.3978 129.4804 129.5187 129.6038 129.6888 129.7733 129.8572 129.932 129.985 130.168
125.2041 125.2679 125.2824 125.3683 125.4428 125.5141 125.5868 125.7202 125.7959 125.8724 125.9497 126.002 126.0805 126.1594 126.3441 126.4342 126.5885 126.6808 126.575 126.6663 126.7683 126.8635 126.8907 126.9862 127.082 127.178 127.2827 127.3842 127.4797 127.6465 127.7948 127.8202 127.9123 128.0036 128.2173 128.3057 128.3931 128.4794 128.5645 128.6486 128.689 128.5839 128.667 128.7494 128.8312 128.8647 128.944 129.0229 129.0811 129.1577 129.2343 129.3108 129.3874 129.4642 129.5451 129.6375 129.723 129.8081 129.8351 129.9178 129.9995 130.0707 130.1216
125.1597 125.1776 125.2681 125.3386 125.4108 125.4845 125.4715 125.5452 125.7759 125.8546 125.9066 125.9864 126.0667 126.3926 126.4872 126.4931 126.5868 126.6827 126.7312 126.7827 126.913 127.0107 127.1085 127.0036 127.1012 127.199 127.2969 127.4091 127.5064 127.7295 127.7546 127.8492 127.9432 128.0365 128.1292 128.3486 128.438 128.5263 128.6136 128.6997 128.7847 128.8289 128.7309 128.8153 128.8445 128.9258 129.0037 129.0844 129.1647 129.222 129.2999 129.3775 129.455 129.5379 129.616 129.7037 129.7888 129.8732 129.9568 130.0394 130.1207 130.2006 130.2077
125.0372 125.1635 125.2346 125.3075 125.382 125.3736 125.448 125.5239 125.7506 126.0117 126.1049 126.1991 126.2942 126.3902 126.4869 126.5843 126.5895 126.6365 126.7328 126.8297 126.927 127.0264 127.126 127.2257 127.272 127.3708 127.4694 127.6244 127.6097 127.6865 127.7835 127.88 127.9759 128.0713 128.1659 128.2598 128.4849 128.5753 128.6805 128.7686 128.8555 128.9414 128.9874 128.8206 128.9044 128.9875 129.07 129.1478 129.2297 129.3112 129.3673 129.449 129.5284 129.6074 129.6859 129.7717 129.8563 129.9401 130.0229 130.1044 130.1846 130.2632 130.34
125.0238 125.0949 125.205 125.28 125.3959 125.4788 125.5633 125.6494 125.6792 125.7674 126.0982 126.1945 126.2917 126.3897 126.4885 126.6101 126.7094 126.6379 126.7362 126.835 126.9823 127.0436 127.145 127.2465 127.3479 127.3954 127.4958 127.6525 127.6374 127.7151 127.814 127.9125 128.0103 128.1076 128.2043 128.3169 128.412 128.6415 128.7328 128.823 128.912 129 129.0503 129.0905 128.966 129.051 129.1301 129.3488 129.2963 129.3798 129.4633 129.5185 129.5986 129.6782 129.7571 129.8411 129.9254 130.0086 130.0905 130.1712 130.2502 130.3275 130.4029
124.9924 125.0655 125.1403 125.2934 125.3766 125.4615 125.5481 125.6363 125.6672 125.7574 125.849 126.1921 126.2913 126.3913 126.5149 126.6158 126.6639 126.7654 126.7412 126.8418 126.9965 127.1002 127.1653 127.2685 127.3717 127.4747 127.5795 127.5792 127.6651 127.7663 127.8461 127.9464 128.0621 128.1615 128.2603 128.3583 128.4554 128.5518 128.7866 128.8788 128.9699 129.0222 129.1137 129.2042 129.2393 129.1094 129.1961 129.282 129.4872 129.4486 129.5332 129.6172 129.67 129.7502 129.8295 129.9118 129.9957 130.0784 130.1596 130.2393 130.3172 130.3933 130.4673
124.9657 125.0404 125.1523 125.2351 125.3607 125.4475 125.536 125.5675 125.658 125.7501 125.8436 125.9385 126.2929 126.4183 126.5205 126.6232 126.6709 126.7743 126.878 126.8502 127.0118 127.1171 127.2227 127.2918 127.3967 127.5084 127.5804 127.6069 127.7319 127.8187 127.9214 127.9967 128.0987 128.2001 128.3008 128.4008 128.5 128.5984 128.696 128.9357 128.9904 129.0846 129.1726 129.2654 129.3573 129.3973 129.2632 129.3507 129.5532 129.6297 129.6041 129.6891 129.7732 129.823 129.9026 129.9811 130.0671 130.1492 130.2298 130.3086 130.3855 130.4603 130.533
124.9437 125.0526 125.1351 125.2196 125.306 125.4368 125.4688 125.5594 125.6516 125.7454 125.8407 125.9374 126.0842 126.4238 126.5277 126.5751 126.6796 126.7847 126.8902 126.996 127.028 127.1349 127.2421 127.3494 127.4248 127.5188 127.6261 127.7331 127.7623 127.8671 127.955 128.0591 128.1363 128.2396 128.3423 128.4443 128.5455 128.6459 128.7455 129.0742 129.0454 129.1418 129.2373 129.3318 129.4254 129.518 129.5581 129.4201 129.508 129.6979 129.7752 129.7616 129.8465 129.9304 129.9765 130.0551 130.1393 130.2209 130.3008 130.3788 130.4547 130.5284 130.5997
124.9567 125.0382 125.1219 125.2078 125.2956 125.3853 125.4621 125.5542 125.648 125.7433 125.8402 125.9872 126.0861 126.1862 126.5366 126.5838 126.69 126.7967 126.9039 127.0756 127.1851 127.1534 127.2845 127.3378 127.4071 127.5415 127.6506 127.7595 127.868 127.9003 128.0064 128.0956 128.1798 128.28 128.3847 128.4886 128.5917 128.6941 129.0326 129.1301 129.2263 129.2051 129.3023 129.3985 129.4937 129.5879 129.681 129.721 129.5793 129.7665 129.8452 129.923 129.9202 130.0046 130.0878 130.1295 130.2121 130.2933 130.3725 130.4497 130.5246 130.5971 130.6906
124.9456 125.0279 125.1127 125.1996 125.2886 125.3795 125.4723 125.5519 125.647 125.7438 125.8904 125.9896 126.0901 126.1917 126.2343 126.5942 126.7019 126.8102 126.9384 127.1177 127.2297 127.3417 127.2497 127.3198 127.4301 127.5404 127.6755 127.7862 127.8966 128.0067 128.0423 128.1496 128.2399 128.3257 128.4276 128.5334 128.6355 128.988 129.0887 129.1882 129.2864 129.3832 129.3675 129.4653 129.562 129.6576 129.7522 129.8456 129.885 129.74 129.9154 129.9943 130.0721 130.079 130.1625 130.2445 130.2813 130.366 130.4446 130.521 130.595 130.6873 130.7581
124.9387 125.0217 125.1072 125.195 125.2849 125.3769 125.4708 125.5665 125.6487 125.7945 125.8937 125.9942 126.096 126.1989 126.2416 126.3588 126.7317 126.8428 126.9542 127.1387 127.2522 127.3128 127.2116 127.3418 127.4537 127.5657 127.6775 127.8132 127.9254 128.0372 128.1487 128.188 128.2965 128.3681 128.4751 128.5759 128.9384 129.0422 129.1448 129.2461 129.3461 129.4447 129.5419 129.5319 129.6301 129.727 129.8228 129.9174 130.0107 130.0493 129.9854 130.0654 130.1442 130.2217 130.2371 130.3193 130.3998 130.4388 130.5168 130.5925 130.6839 130.7563 130.8258
124.9359 125.0193 125.1053 125.1937 125.2844 125.3772 125.4721 125.5688 125.6549 125.7988 125.8991 126.0007 126.1109 126.1548 126.2612 126.3686 126.4769 126.8582 126.971 127.1604 127.2211 127.2911 127.406 127.3469 127.4779 127.5915 127.7049 127.8182 127.9542 128.0678 128.181 128.2937 128.337 128.444 128.5156 128.6259 128.9903 129.0959 129.2003 129.3035 129.4052 129.5056 129.6045 129.7019 129.6976 129.7959 129.8928 129.9884 130.0827 130.1756 130.2131 130.1361 130.2158 130.2941 130.3709 130.3938 130.4743 130.558 130.589 130.6793 130.7537 130.8252 130.8935
124.9368 125.0204 125.1067 125.1955 125.2868 125.3803 125.4759 125.5607 125.6588 125.7585 125.9087 126.0135 126.1196 126.1636 126.2712 126.3798 126.4894 126.6 126.9888 127.1272 127.1976 127.3138 127.4302 127.5466 127.4859 127.6175 127.7326 127.8475 127.9622 128.0981 128.213 128.3297 128.4431 128.4866 128.5735 128.6727 128.7821 129.1492 129.2553 129.3601 129.4636 129.5656 129.6661 129.7651 129.8624 129.8638 129.9619 130.0585 130.1536 130.2473 130.3394 130.3967 130.2868 130.3658 130.4431 130.5188 130.5482 130.6265 130.7227 130.7495 130.8232 130.8937 130.9609
124.9411 125.0247 125.1111 125.2003 125.292 125.386 125.4692 125.5661 125.6648 125.7653 125.8674 126.0228 126.0666 126.174 126.2827 126.3924 126.5032 126.615 126.8855 127.1117 127.2194 127.3369 127.4546 127.5724 127.6902 127.6283 127.7603 127.8768 127.9931 128.1125 128.2478 128.3634 128.4786 128.5552 128.6177 128.7293 128.8302 128.9404 129.3094 129.4158 129.5209 129.6245 129.7265 129.8269 129.9256 130.0227 130.0297 130.1272 130.2231 130.3175 130.4101 130.5011 130.5454 130.4364 130.5143 130.5904 130.6646 130.7078 130.7929 130.873 130.892 130.9616 131.0277
124.9483 125.0319 125.1184 125.2077 125.2997 125.381 125.4762 125.5736 125.6729 125.774 125.8768 125.9812 126.0775 126.1858 126.2954 126.4062 126.5181 126.4808 126.6494 127.0598 127.2512 127.3601 127.4791 127.5982 127.7173 127.8364 127.7738 127.9113 128.0284 128.1453 128.2618 128.3965 128.4715 128.601 128.7127 128.7747 128.8871 128.9894 129.1003 129.4704 129.5769 129.682 129.7854 129.8872 129.9872 130.0855 130.1819 130.1945 130.2911 130.386 130.4791 130.5704 130.7135 130.6917 130.5842 130.6608 130.7411 130.8158 130.8619 130.9415 131.018 131.0285 131.0936
124.9148 125.0417 125.1281 125.2175 125.2966 125.3898 125.4854 125.5831 125.6828 125.7844 125.8878 125.9929 126.0996 126.1989 126.3094 126.4211 126.3817 126.551 126.6661 126.7823 127.2004 127.3935 127.5035 127.6238 127.7442 127.8713 127.9908 127.9279 128.0593 128.1776 128.2956 128.4393 128.5053 128.6465 128.7597 128.8718 128.9332 129.0462 129.1499 129.2612 129.6315 129.7379 129.8426 129.9457 130.0469 130.1463 130.2437 130.3391 130.3571 130.4524 130.5459 130.6375 130.7271 130.86 130.8345 130.7313 130.8087 130.8837 130.9547 131.0086 131.0846 131.1572 131.1584
124.926 125.0071 125.1401 125.2166 125.3074 125.4007 125.4964 125.5943 125.6943 125.7963 125.9002 126.0059 126.1132 126.2221 126.3244 126.2828 126.4525 126.5673 126.6834 126.8006 126.9187 127.3437 127.538 127.6581 127.7788 127.8996 128.0204 128.1411 128.0783 128.2092 128.3558 128.4746 128.5928 128.6914 128.806 128.9196 129.0321 129.0927 129.2061 129.311 129.4224 129.792 129.8979 130.0021 130.1044 130.2048 130.3031 130.3994 130.4935 130.5167 130.6104 130.7021 130.7918 130.9223 131.0024 130.9731 130.8741 130.9494 131.0221 131.0935 131.1494 131.2214 131.2894
124.7823 125.0203 125.133 125.2294 125.3201 125.4133 125.5091 125.6071 125.7074 125.8097 125.9139 126.02 126.1278 126.2373 126.2208 126.3541 126.4685 126.5842 126.7011 126.8192 126.9383 127.3496 127.5015 127.694 127.8054 127.9273 128.0492 128.171 128.2926 128.2755 128.3885 128.5087 128.6284 128.7474 128.8516 128.9665 129.0804 129.1929 129.2527 129.5023 129.4719 129.5833 129.9511 130.0563 130.1596 130.2608 130.3599 130.4569 130.5516 130.6441 130.6722 130.7639 130.8535 130.9789 131.0608 131.1404 131.1071 131.0126 131.0856 131.1559 131.2266 131.2836 131.3509
124.7952 125.0636 125.1474 125.2342 125.3344 125.4275 125.5232 125.6213 125.7217 125.8242 125.9287 126.0351 126.1433 126.1246 126.306 126.4195 126.5305 126.6512 126.773 126.8957 126.9691 127.0892 127.4955 127.6491 127.8418 127.954 128.0769 128.1998 128.3592 128.4816 128.4285 128.5415 128.6625 128.7829 128.9025 129.0124 129.1275 129.2413 129.3537 129.5419 129.6596 129.6321 129.7429 130.108 130.2121 130.314 130.4138 130.5113 130.6065 130.6993 130.7898 130.8226 130.9058 130.9949 131.1157 131.1953 131.2724 131.235 131.1461 131.2155 131.2862 131.353 131.4706
124.8485 124.9213 125.1632 125.2498 125.3393 125.443 125.5386 125.6367 125.737 125.8396 125.9443 126.051 126.03 126.2103 126.3227 126.4366 126.552 126.6783 126.8002 126.9232 127.0472 127.1721 127.5861 127.7128 127.7983 127.9905 128.1035 128.2642 128.3879 128.5115 128.6347 128.5822 128.695 128.8167 128.9376 129.0577 129.1733 129.2883 129.4018 129.7631 129.6976 129.815 129.7906 129.9006 130.2618 130.3643 130.4645 130.5624 130.6578 130.7509 130.8415 130.9271 130.9594 131.0481 131.1665 131.246 131.3231 131.3974 131.3559 131.2736 131.3425 131.459 131.5224
124.8652 124.9405 125.1803 125.2666 125.3559 125.4481 125.555 125.653 125.7533 125.8559 125.9607 125.9373 126.1162 126.2271 126.3398 126.454 126.5698 126.6871 126.827 126.9501 127.0744 127.1995 127.6161 127.7431 127.8705 128.0287 128.2624 128.3823 128.5088 128.5395 128.6637 128.7875 128.7362 128.8486 128.9707 129.0921 129.2123 129.3336 129.4482 129.8107 129.9184 129.851 129.9677 129.9465 130.0552 130.4113 130.5118 130.6099 130.7054 130.7984 130.885 130.9739 131.0602 131.0972 131.183 131.2922 131.369 131.4432 131.5146 131.4687 131.4407 131.5087 131.5721
124.8831 124.9581 125.0368 125.2844 125.3734 125.4654 125.5973 125.6701 125.7703 125.8728 125.847 126.024 126.1331 126.2442 126.357 126.4715 126.5876 126.7053 126.8243 126.9764 127.1007 127.2261 127.3524 127.7721 127.8998 128.0891 128.2353 128.4183 128.538 128.6646 128.7907 128.9162 129.0408 128.89 129.0016 129.1241 129.2456 129.3658 129.4927 129.8558 129.9641 130.0702 130.001 130.1166 130.0988 130.2058 130.5555 130.6535 130.7489 130.8362 130.9273 131.0159 131.1019 131.1853 131.2266 131.3334 131.4098 131.4837 131.5548 131.6784 131.6219 131.5539 131.6174
124.902 124.9768 125.0551 125.3057 125.3917 125.5206 125.6157 125.7134 125.7878 125.7595 125.9341 126.0412 126.1504 126.2614 126.3743 126.489 126.6053 126.7232 126.8426 126.9634 127.1262 127.2517 127.3782 127.7995 127.9883 128.1148 128.2414 128.3768 128.5725 128.6919 128.8185 128.9445 129.0697 129.1941 129.1445 129.2596 129.3815 129.3975 129.7996 129.8983 130.007 130.1135 130.2177 130.1467 130.2606 130.2464 130.3511 130.6931 130.781 130.8742 130.9648 131.0527 131.138 131.2209 131.3012 131.3466 131.4447 131.5181 131.6267 131.6977 131.78 131.7179 131.6575
124.9219 124.9963 125.0743 125.1558 125.4139 125.5397 125.6344 125.7318 125.7176 125.8469 125.9517 126.0587 126.1677 126.2787 126.3916 126.5062 126.6227 126.7407 126.8603 126.9814 127.1038 127.2762 127.4028 127.6197 128.0118 128.1384 128.2651 128.3919 128.5274 128.7244 128.8435 128.9699 129.0957 129.2206 129.3445 129.2972 129.4105 129.5318 129.9421 130.0524 130.1612 130.2657 130.2581 130.3599 130.2868 130.3985 130.388 130.4776 130.8149 130.9074 130.9971 131.084 131.1684 131.2503 131.3298 131.4068 131.4733 131.5706 131.6436 131.7141 131.8091 131.8773 131.802
124.9425 125.0166 125.0943 125.1754 125.2598 125.5247 125.6534 125.638 125.7705 125.8713 125.9695 126.0762 126.185 126.2958 126.4086 126.5232 126.6396 126.7577 126.8774 126.9987 127.1214 127.2454 127.5145 127.6403 128.0332 128.1597 128.2865 128.4133 128.5401 128.6757 128.9093 128.9923 129.1184 129.2437 129.3682 129.4915 129.4469 129.5583 129.9759 130.0864 130.0752 130.3032 130.405 130.504 130.5998 130.5194 130.6381 130.591 130.6086 130.9354 131.0238 131.1095 131.1926 131.2732 131.3514 131.4273 131.5768 131.5803 131.6521 131.7217 131.83 131.8969 131.9578
124.9637 125.0375 125.1148 125.1955 125.2796 125.5441 125.5542 125.6912 125.7891 125.8895 125.9923 126.0937 126.2022 126.3128 126.4253 126.5398 126.6561 126.7741 126.8939 127.0151 127.1379 127.3232 127.4467 127.6592 128.0522 128.1786 128.3053 128.4321 128.5588 128.6966 128.8211 129.0506 129.1144 129.2634 129.3882 129.5119 129.6343 129.5932 129.7022 129.9793 130.0953 130.1973 130.4386 130.5371 130.6324 130.4527 130.6549 130.7556 130.7136 130.807 131.1183 131.2003 131.2797 131.2892 131.3657 131.5192 131.59 131.6535 131.6515 131.7196 131.7854 131.9065 131.967
124.9855 125.0589 125.1358 125.2161 125.2997 125.4823 125.6398 125.7338 125.8076 125.9076 126.01 126.1148 126.2191 126.3293 126.4416 126.5558 126.6719 126.7898 126.9094 127.0306 127.2145 127.3367 127.46 127.5844 127.8022 128.195 128.3214 128.448 128.5747 128.7013 128.839 128.963 129.1875 129.2513 129.4043 129.5283 129.651 129.7723 129.7353 129.9944 130.1109 130.2246 130.3291 130.5662 130.5999 130.6951 130.5702 130.7658 130.8618 130.8251 130.9137 131.212 131.2892 131.364 131.4548 131.5259 131.5949 131.6593 131.7194 131.7074 131.7711 131.9019 131.9634
125.0557 125.0806 125.1571 125.237 125.4145 125.5702 125.661 125.7547 125.851 125.9255 126.0274 126.1318 126.2384 126.3455 126.4574 126.5712 126.687 126.8046 126.924 127.106 127.2267 127.3486 127.4718 127.5961 127.7241 128.2086 128.3347 128.461 128.5874 128.7139 128.8402 128.9775 129.1011 129.3196 129.3833 129.5047 129.6634 129.785 129.9049 129.8725 130.1215 130.2355 130.3555 130.3842 130.6216 130.7158 130.5818 130.6764 130.8642 130.9548 130.9239 131.0075 131.2917 131.3849 131.4558 131.5246 131.5913 131.656 131.7108 131.7699 131.7454 131.8032 131.947
