data/raw_data/rasters/lyr3_botm.txt
ncols         744
nrows         578
xllcorner     426898.099538
yllcorner     6654704.581442
cellsize      1
NODATA_value  -9999
[rows 56 to 83 of 578, columns 504 to 566 of 744]
133.7816 133.8069 133.8318 133.8565 133.7927 133.8185 134.2962 134.3864 134.4019 134.4168 134.4308 134.4441 134.4566 134.4683 134.4877 134.4099 134.4192 134.4277 134.3993 134.4071 134.4142 134.4207 134.4264 134.2588 134.2517 134.2569 134.264 134.2705 134.2765 134.2819 134.2867 134.291 134.2948 134.2981 134.3009 134.3033 134.3052 134.3207 134.3229 134.3247 134.3261 134.3271 134.3278 134.3282 134.3281 134.3278 134.3271 134.326 134.3247 134.3231 134.3212 134.319 134.3165 134.3139 134.3751 134.3696 134.364 134.3581 134.3521 134.3464 134.3407 134.335 134.3292
133.7508 133.776 133.801 133.8257 133.7607 133.7865 134.2722 134.2904 134.3771 134.3918 134.4056 134.4187 134.4309 134.4424 134.453 134.4718 134.393 134.4013 134.3723 134.3798 134.3866 134.3927 134.3981 134.3872 134.2161 134.2234 134.2302 134.2363 134.2418 134.2468 134.2512 134.255 134.2582 134.261 134.2632 134.2649 134.2661 134.2668 134.2818 134.2828 134.2834 134.2835 134.2832 134.2825 134.2814 134.2799 134.2781 134.2759 134.2733 134.2704 134.2672 134.2638 134.26 134.2561 134.315 134.3081 134.301 134.2938 134.2864 134.2793 134.2722 134.2651 134.2581
133.7199 133.7451 133.7701 133.7947 133.8191 133.7545 134.248 134.2661 134.2837 134.3668 134.3804 134.3932 134.4053 134.4165 134.4268 134.4364 134.4545 134.3749 134.3821 134.3526 134.3591 134.3648 134.3523 134.3621 134.3664 134.1901 134.1965 134.2022 134.2074 134.2119 134.2158 134.2191 134.2218 134.2239 134.2255 134.2266 134.2271 134.227 134.2265 134.241 134.2407 134.2399 134.2386 134.2369 134.2347 134.2321 134.2291 134.2257 134.2219 134.2178 134.2133 134.2085 134.2035 134.1982 134.2545 134.2462 134.2377 134.229 134.2202 134.2117 134.2033 134.1948 134.1865
133.6889 133.7141 133.739 133.7636 133.788 133.7223 133.7478 134.2417 134.2591 134.2759 134.3553 134.3679 134.3797 134.3907 134.4008 134.41 134.4185 134.4359 134.3554 134.3255 134.3316 134.3174 134.3279 134.3326 134.3366 134.3398 134.1629 134.1683 134.173 134.1771 134.1805 134.1833 134.1855 134.1871 134.188 134.1884 134.1882 134.1874 134.1861 134.1842 134.198 134.1963 134.194 134.1913 134.188 134.1843 134.1801 134.1755 134.1705 134.1651 134.1593 134.1533 134.1469 134.1403 134.1938 134.184 134.1741 134.1639 134.1535 134.1437 134.1338 134.1241 134.1143
133.6578 133.683 133.7078 133.7325 133.7568 133.7809 133.7155 134.2173 134.2344 134.2511 134.2671 134.3426 134.3542 134.3649 134.3748 134.3838 134.3919 134.3992 134.4159 134.2984 134.2824 134.2936 134.2988 134.3032 134.3069 134.3097 134.3117 134.1345 134.1388 134.1424 134.1454 134.1477 134.1493 134.1503 134.1507 134.1504 134.1494 134.1479 134.1457 134.143 134.1397 134.1527 134.1495 134.1457 134.1414 134.1365 134.1312 134.1253 134.1191 134.1124 134.1053 134.098 134.0903 134.0823 134.1327 134.1215 134.11 134.0984 134.0865 134.0752 134.0639 134.0528 134.0417
133.6266 133.6517 133.6765 133.7011 133.7254 133.7495 133.6831 134.1927 134.2097 134.2261 134.2419 134.2572 134.3287 134.3392 134.3488 134.3575 134.3654 134.3724 134.3785 134.3937 134.2435 134.2494 134.2698 134.2739 134.2772 134.2796 134.2812 134.282 134.1047 134.1079 134.1104 134.1122 134.1133 134.1137 134.1135 134.1125 134.1109 134.1085 134.1056 134.102 134.0977 134.0928 134.1051 134.1002 134.0948 134.0888 134.0823 134.0752 134.0677 134.0598 134.0514 134.0427 134.0336 134.0243 134.0713 134.0586 134.0456 134.0325 134.019 134.0063 133.9936 133.981 133.9685
133.5952 133.6203 133.6451 133.6696 133.6939 133.718 133.6506 134.168 134.1847 134.2009 134.2166 134.2317 134.2462 134.3135 134.3228 134.3313 134.339 134.3457 134.3505 134.4225 134.27 134.2205 134.2252 134.2446 134.2475 134.2496 134.2508 134.2511 134.2506 134.0736 134.0756 134.0769 134.0775 134.0773 134.0764 134.0748 134.0724 134.0694 134.0656 134.0611 134.056 134.0501 134.0436 134.0548 134.0483 134.0412 134.0335 134.0252 134.0164 134.0072 133.9975 133.9874 133.977 133.9663 134.0096 133.9953 133.9808 133.9662 133.9512 133.9369 133.9227 133.9087 133.8949
133.5637 133.5887 133.6135 133.638 133.6623 133.6863 133.71 133.6431 134.1597 134.1757 134.1911 134.2059 134.2202 134.2339 134.2969 134.3052 134.3125 134.317 134.3911 134.3958 134.3994 134.2471 134.196 134.1996 134.2178 134.2196 134.2204 134.2203 134.2193 134.2174 134.041 134.0418 134.0418 134.0411 134.0396 134.0373 134.0342 134.0304 134.0258 134.0205 134.0144 134.0076 134.0001 133.9919 134.0019 133.9937 133.9847 133.9753 133.9652 133.9546 133.9436 133.9322 133.9204 133.9083 133.9475 133.9317 133.9157 133.8987 133.8829 133.8671 133.8514 133.8359 133.8206
134.0608 133.557 133.5818 133.6062 133.6305 133.6544 133.6781 133.6102 134.1344 134.1502 134.1654 134.1801 134.1941 134.2076 134.2204 134.279 134.2831 134.3593 134.3647 134.369 134.3723 134.3745 134.2227 134.1701 134.1725 134.1896 134.19 134.1895 134.188 134.1856 134.1823 134.0068 134.0063 134.0051 134.0029 134 133.9962 133.9917 133.9863 133.9801 133.9731 133.9653 133.9568 133.9475 133.9375 133.9462 133.9361 133.9254 133.9141 133.9022 133.8898 133.877 133.8638 133.8503 133.8852 133.8678 133.8501 133.8315 133.8142 133.7968 133.7796 133.7626 133.7458
134.036 134.0569 133.9745 133.9941 134.0131 134.0312 133.646 133.5773 134.109 134.1246 134.1395 134.1539 134.1677 134.181 134.1936 134.2013 134.3268 134.333 134.3381 134.3422 134.3452 134.3471 134.3479 134.1968 134.1427 134.1438 134.1596 134.1587 134.1568 134.1539 134.1501 134.1452 133.9711 133.9692 133.9665 133.9629 133.9584 133.9531 133.9469 133.9399 133.932 133.9232 133.9137 133.9034 133.8922 133.8804 133.8877 133.8757 133.863 133.8498 133.8361 133.8218 133.8072 133.7923 133.8225 133.8034 133.7842 133.764 133.745 133.7261 133.7074 133.6888 133.6705
134.0106 134.0316 134.0518 133.9682 133.9872 134.0055 134.023 134.0396 134.3306 134.3393 134.3469 134.1276 134.1411 134.1541 134.161 134.3666 134.3733 134.3066 134.3115 134.3153 134.318 134.3196 134.3201 134.3195 134.1692 134.1136 134.1134 134.1279 134.1256 134.1222 134.1179 134.1101 134.1035 133.9335 133.9302 133.926 133.9209 133.9148 133.9078 133.8999 133.8911 133.8814 133.8709 133.8595 133.8472 133.8342 133.8204 133.8261 133.8121 133.7976 133.7824 133.7668 133.7507 133.7343 133.7594 133.7388 133.7165 133.696 133.6754 133.6549 133.6346 133.6145 133.6572
133.9847 134.0058 134.0261 134.0457 133.9609 133.9792 133.9968 134.0136 133.945 134.3188 134.3264 134.333 134.4078 134.4041 134.3324 134.3398 134.3462 134.3516 134.2848 134.2883 134.2907 134.292 134.2922 134.2912 134.2891 134.1398 134.0829 134.0813 134.0944 134.0906 134.0835 134.0773 134.0701 134.0617 133.8942 133.8894 133.8836 133.8768 133.869 133.8603 133.8506 133.8399 133.8284 133.8159 133.8025 133.7883 133.7733 133.7575 133.7614 133.7455 133.7289 133.7118 133.6943 133.6764 133.6961 133.6737 133.6498 133.6276 133.6054 133.5833 133.5613 133.6 133.5808
133.9141 133.9795 133.9999 134.0195 134.0383 133.9525 133.9702 133.987 134.003 134.2979 134.3054 134.3118 134.3109 134.2974 134.3055 134.3127 134.3188 134.3239 134.328 134.2612 134.2634 134.2644 134.2642 134.2629 134.2604 134.2567 134.1086 134.0503 134.0473 134.0568 134.0512 134.0446 134.0367 134.0278 134.0176 133.853 133.8465 133.839 133.8305 133.8209 133.8103 133.7987 133.7861 133.7726 133.7581 133.7426 133.7264 133.7093 133.6916 133.6935 133.6755 133.657 133.638 133.6186 133.5989 133.6084 133.5827 133.5588 133.5349 133.5111 133.5455 133.5245 133.5038
133.8866 133.9077 133.9731 133.9928 134.0117 134.0298 133.9429 133.9599 133.976 134.2765 134.2838 134.2826 134.347 134.3511 134.2784 134.2852 134.2911 134.2959 134.2997 134.3025 134.2359 134.2366 134.2361 134.2345 134.2316 134.2275 134.2221 134.0755 134.0212 134.0164 134.019 134.0118 134.0034 133.9939 133.983 133.971 133.8097 133.8015 133.7922 133.7818 133.7704 133.7578 133.7442 133.7296 133.7139 133.6973 133.6798 133.6615 133.6423 133.6224 133.6223 133.6023 133.5818 133.5608 133.5396 133.5426 133.5153 133.4896 133.464 133.4937 133.4709 133.4484 133.4453
133.8585 133.8798 133.9003 133.9655 133.9845 134.0026 134.0199 133.9322 133.9484 134.2545 134.2528 134.3195 134.3247 134.3287 134.3315 134.3893 134.3872 134.3836 134.3786 134.3721 134.3642 134.2087 134.2079 134.2059 134.2027 134.1982 134.1924 134.0987 134.0203 133.9845 133.9781 133.9791 133.9702 133.96 133.9485 133.9358 133.9217 133.7643 133.7543 133.7431 133.7308 133.7173 133.7027 133.687 133.6702 133.6524 133.6336 133.6139 133.5934 133.5721 133.5501 133.5477 133.5257 133.5032 133.4804 133.4746 133.4474 133.42 133.4448 133.4203 133.3958 133.3917 133.3866
133.8299 133.8512 133.8717 133.8916 133.9566 133.9748 133.9922 134.0087 133.9202 133.9391 134.2904 134.2967 134.3017 134.3057 134.3084 134.3099 134.3645 134.3608 134.3557 134.3491 134.3411 134.3315 134.1796 134.1772 134.1736 134.1688 134.076 134.0694 134.0616 133.9825 133.9458 133.9376 133.9369 133.9261 133.914 133.9006 133.8858 133.8696 133.7166 133.7047 133.6915 133.6771 133.6615 133.6447 133.6268 133.6078 133.5877 133.5667 133.5448 133.522 133.4985 133.4744 133.4696 133.4456 133.4212 133.4081 133.379 133.3987 133.3724 133.3462 133.341 133.3323 133.306
133.7298 133.822 133.8426 133.8625 133.8816 133.9464 133.9638 133.9804 133.9993 134.0215 134.2671 134.2732 134.2782 134.282 134.2846 134.2859 134.2861 134.3373 134.3321 134.3254 134.3173 134.3075 134.2963 134.1483 134.1444 134.0528 134.047 134.0399 134.0317 134.0222 133.9424 133.9048 133.8949 133.8923 133.8796 133.8655 133.85 133.833 133.8146 133.6665 133.6525 133.6372 133.6207 133.6028 133.5838 133.5635 133.5422 133.5198 133.4965 133.4723 133.4473 133.4216 133.3954 133.3881 133.3621 133.3412 133.3554 133.3275 133.2995 133.2932 133.2809 133.2524 133.2244
133.6999 133.7922 133.8129 133.8328 133.8519 133.8703 133.9348 133.9546 134.0438 134.058 134.2432 134.2491 134.254 134.2576 134.26 134.2613 134.2613 134.26 134.3078 134.301 134.2927 134.2829 134.2715 134.2585 133.9198 133.9147 134.0178 134.0103 134.0016 133.9916 133.9802 133.9001 133.8616 133.8498 133.8452 133.8305 133.8143 133.7965 133.7772 133.7563 133.614 133.5978 133.5802 133.5613 133.5411 133.5197 133.4971 133.4733 133.4485 133.4228 133.3963 133.3691 133.3413 133.313 133.3012 133.3149 133.2855 133.2557 133.2484 133.2324 133.2018 133.1716 133.142
133.4121 133.6913 133.7825 133.8024 133.8216 133.84 133.8609 133.9993 134.0146 134.0289 134.3566 134.2244 134.229 134.2325 134.2348 134.2359 134.2357 134.2343 134.2316 134.2758 134.2674 134.2574 134.2459 134.195 134.1893 133.8835 133.8769 133.9806 133.9714 133.9609 133.949 133.9358 133.8554 133.8159 133.8022 133.7955 133.7786 133.7601 133.74 133.7182 133.6948 133.5586 133.5401 133.5202 133.4989 133.4762 133.4523 133.4272 133.401 133.3738 133.3457 133.3169 133.2874 133.2575 133.2605 133.2462 133.2149 133.2066 133.1868 133.1541 133.1217 133.0898 133.0627
133.404 133.4019 133.7515 133.7714 133.7906 133.8123 134.02 134.0358 133.9846 133.9989 134.0122 134.251 134.2034 134.2067 134.2088 134.2097 134.2094 134.2078 134.2049 134.2007 134.2412 134.2312 134.1674 134.1625 134.1564 134.1489 133.8454 133.8371 133.941 133.93 133.9176 133.9038 133.8886 133.8512 133.7677 133.7518 133.7429 133.7237 133.7028 133.6802 133.6558 133.6297 133.5005 133.4795 133.4571 133.4332 133.4079 133.3814 133.3538 133.325 133.2954 133.2649 133.2338 133.2412 133.1956 133.1604 133.1677 133.144 133.1094 133.0749 133.0407 133.0103 132.9769
133.3708 133.3919 133.3909 133.7397 133.762 133.9723 133.9891 134.0049 134.0196 133.9682 133.9815 134.2249 134.2287 134.1802 134.1821 134.1828 134.1822 134.1804 134.1774 134.173 134.1673 134.1387 134.1347 134.1294 134.1229 134.115 134.1057 133.8051 133.7952 133.8989 133.886 133.8717 133.8559 133.8557 133.7983 133.7168 133.6987 133.6873 133.6657 133.6423 133.617 133.5898 133.5608 133.4392 133.4156 133.3905 133.364 133.3361 133.3069 133.2766 133.2453 133.2132 133.2146 133.1836 133.1304 133.1172 133.1097 133.0676 133.031 132.9947 132.9608 132.925 132.8899
133.3372 133.3582 133.3787 133.3819 133.9228 133.9406 133.9574 133.9731 133.9879 134.0016 133.95 134.2355 134.2016 134.204 134.1545 134.155 134.1543 134.1523 134.149 134.1444 134.0371 134.0378 134.1014 134.0957 134.0887 134.0803 134.0706 134.0595 133.7628 133.7511 133.8541 133.8393 133.823 133.817 133.8011 133.7421 133.6631 133.6426 133.6286 133.6044 133.5782 133.55 133.5199 133.4878 133.3746 133.3483 133.3204 133.2911 133.2604 133.2285 133.1956 133.1907 133.1613 133.1287 133.0896 133.0545 133.0326 132.9938 132.9517 132.9144 132.8762 132.8386 132.7102
133.3031 133.3241 133.348 133.3486 133.6968 133.908 133.9248 133.9406 133.9553 133.969 133.9815 134.2083 134.1253 134.1759 134.1767 134.1265 134.1255 134.1232 134.1197 134.0018 134.003 134.0032 134.0024 134.0612 134.0537 134.0449 134.0348 134.0232 134.0102 133.7183 133.7047 133.8067 133.7898 133.7778 133.7612 133.7429 133.6825 133.6063 133.5833 133.5666 133.5395 133.5104 133.4791 133.4458 133.4105 133.3064 133.2772 133.2464 133.2142 133.1808 133.1693 133.1392 133.1081 133.0992 133.0121 132.9831 132.9544 132.9136 132.8492 132.8304 132.7903 132.6642 132.622
133.2686 133.2926 133.2937 133.3149 133.3355 133.6815 133.8913 133.9071 133.9218 133.9355 133.948 134.2389 134.0963 134.0992 134.1475 134.1468 134.0958 134.0933 133.9657 133.9674 133.9681 133.9678 133.9665 133.9642 134.0181 134.0088 133.9982 133.9861 133.9725 133.9575 133.6715 133.656 133.7564 133.7378 133.7207 133.7018 133.681 133.6192 133.5463 133.5206 133.5008 133.4707 133.4384 133.404 133.3673 133.3285 133.2343 133.2021 133.1684 133.1501 133.1196 133.0879 133.0787 133.0279 132.9486 132.9108 132.8749 132.8155 132.7687 132.7224 132.6218 132.5767 132.5327
133.2365 133.2379 133.2595 133.2806 133.3012 133.3213 133.6646 133.8728 133.8875 133.9011 133.9136 134.2097 134.2101 134.069 134.1174 134.1164 134.1142 133.9291 133.9312 133.9324 133.9326 133.9317 133.9298 133.9269 133.923 133.9718 133.9607 133.9481 133.9341 133.9185 133.9014 133.6223 133.6048 133.697 133.6795 133.66 133.6386 133.6151 133.5519 133.4828 133.4541 133.4311 133.3978 133.3621 133.3241 133.2839 133.2414 133.1581 133.1327 133.1022 133.0701 133.0609 133.0094 132.9657 132.8848 132.8377 132.7852 132.7361 132.6872 132.5775 132.5275 132.4882 132.4424
133.2833 133.2032 133.2248 133.2459 133.2665 133.2865 133.306 133.6461 133.8522 133.8658 133.8782 133.8895 134.1797 134.0895 134.0392 134.0851 133.9359 133.9379 133.896 133.8966 133.8962 133.8948 133.8924 133.8889 133.8843 133.8787 133.9223 133.9093 133.8947 133.8786 133.861 133.8417 133.5706 133.5359 133.6374 133.6174 133.5955 133.5713 133.5449 133.4803 133.4155 133.3837 133.3571 133.3203 133.2809 133.2392 133.1951 133.152 133.0866 133.0545 133.0455 132.9937 132.9487 132.9029 132.8565 132.7581 132.7067 132.6555 132.5465 132.4936 132.4681 132.4202 132.3511
133.2487 133.2705 133.1896 133.2107 133.2312 133.2512 133.2707 133.4462 133.6257 133.8295 133.8419 133.8531 134.1483 134.0571 134.0569 133.853 133.9008 133.9021 133.9025 133.86 133.8591 133.8571 133.854 133.8499 133.8447 133.8384 133.8311 133.8694 133.8543 133.8377 133.8195 133.7997 133.7782 133.4934 133.4745 133.5739 133.5514 133.5267 133.4996 133.4701 133.404 133.344 133.3087 133.2783 133.2377 133.1945 133.1435 133.1029 133.0596 133.0321 132.9805 132.9345 132.8874 132.8395 132.7416 132.6806 132.627 132.5195 132.4636 132.4087 132.3748 132.3252 132.277
133.2136 133.2354 133.2566 133.175 133.1955 133.2154 133.2348 133.4092 133.4261 133.6035 133.8046 133.8158 134.1159 134.0238 133.8535 133.8566 133.8205 133.8656 133.8654 133.864 133.8211 133.8185 133.8148 133.81 133.8042 133.7972 133.7892 133.78 133.8129 133.7957 133.7769 133.7565 133.7345 133.7106 133.4309 133.4097 133.5064 133.4811 133.4534 133.4232 133.3901 133.3225 133.2678 133.2288 133.1942 133.1352 133.0958 133.0535 133.0339 132.9749 132.9228 132.8746 132.8254 132.7528 132.6718 132.6017 132.4962 132.4375 132.3796 132.3227 132.28 132.2287 132.1789
